Customer	SGCC_1.5
TestDate	4/4/2026
Coil No/Packet No	00-03
Type	Flat
Size(mm)	20*1.53
So(mm^2)	30.60
Lo(mm)	85
Lu(mm)	
A(%)	/
Su(mm^2)	/
Z(%)	/
Fm(kgf)	1392.1
Rm(MPa)	415
FeH(kgf)	/
ReH(MPa)	/
FeL(kgf)	/
ReL(MPa)	/
Fp(kgf)	1.316
Rp(MPa)	0
Ft(kgf)	/
Rt(MPa)	/
E(GPa)	/


-----------Curve----------
Time	Load	Elong	Disp	Stress	Strain	TrueStress	TrueStrain
0	0.013	0.0000	0.002	0.408	0.000	0.408	0.000
0.998	0.300	0.0000	0.018	9.801	0.000	9.801	0.000
1.996	0.793	0.0000	0.048	25.912	0.000	25.912	0.000
2.995	1.231	0.0000	0.082	40.222	0.000	40.222	0.000
3.995	1.743	0.0000	0.115	56.974	0.000	56.974	0.000
4.994	2.259	0.0000	0.148	73.827	0.000	73.827	0.000
5.992	2.759	0.0000	0.182	90.154	0.000	90.154	0.000
6.993	3.237	0.0000	0.215	105.778	0.000	105.778	0.000
7.992	3.699	0.0000	0.248	120.873	0.000	120.873	0.000
8.991	4.148	0.0000	0.281	135.539	0.000	135.539	0.000
9.988	4.581	0.0000	0.315	149.709	0.000	149.709	0.000
10.989	4.979	0.0000	0.348	162.725	0.000	162.725	0.000
11.988	5.286	0.0000	0.381	172.729	0.000	172.729	0.000
12.984	5.583	0.0000	0.415	182.444	0.000	182.444	0.000
13.986	5.874	0.0000	0.448	191.951	0.000	191.951	0.000
14.985	6.156	0.0000	0.481	201.190	0.000	201.190	0.000
15.983	6.434	0.0000	0.515	210.265	0.000	210.265	0.000
16.981	6.708	0.0000	0.548	219.225	0.000	219.225	0.000
17.981	6.979	0.0000	0.581	228.065	0.000	228.065	0.000
18.98	7.251	0.0000	0.614	236.944	0.000	236.944	0.000
19.979	7.524	0.0000	0.648	245.869	0.000	245.869	0.000
20.978	7.782	0.0000	0.681	254.297	0.000	254.297	0.000
21.978	8.032	0.0000	0.714	262.471	0.000	262.471	0.000
22.976	8.278	0.0000	0.748	270.513	0.000	270.513	0.000
23.975	8.517	0.0000	0.781	278.320	0.000	278.320	0.000
24.974	8.743	0.0000	0.814	285.719	0.000	285.719	0.000
25.974	8.963	0.0000	0.848	292.899	0.000	292.899	0.000
26.974	9.169	0.0000	0.881	299.654	0.000	299.654	0.000
27.971	9.355	0.0000	0.914	305.709	0.000	305.709	0.000
28.97	9.523	0.0000	0.948	311.222	0.000	311.222	0.000
29.968	9.678	0.0000	0.981	316.278	0.000	316.278	0.000
30.966	9.837	0.0000	1.014	321.467	0.000	321.467	0.000
31.967	9.990	0.0000	1.047	326.474	0.000	326.474	0.000
32.966	10.147	0.0000	1.081	331.611	0.000	331.611	0.000
33.965	10.313	0.0000	1.114	337.036	0.000	337.036	0.000
34.964	10.478	0.0000	1.147	342.415	0.000	342.415	0.000
35.963	10.634	0.0000	1.181	347.510	0.000	347.510	0.000
36.961	10.757	0.0000	1.214	351.529	0.000	351.529	0.000
37.961	10.812	0.0000	1.247	353.346	0.000	353.346	0.000
38.961	10.792	0.0000	1.281	352.680	0.000	352.680	0.000
39.96	10.772	0.0000	1.314	352.036	0.000	352.036	0.000
40.959	10.802	0.0000	1.347	353.007	0.000	353.007	0.000
41.958	10.869	0.0000	1.380	355.209	0.000	355.209	0.000
42.957	10.909	0.0000	1.414	356.507	0.000	356.507	0.000
43.955	10.919	0.0000	1.447	356.820	0.000	356.820	0.000
44.953	10.883	0.0000	1.480	355.637	0.000	355.637	0.000
45.953	10.873	0.0000	1.514	355.340	0.000	355.340	0.000
46.953	10.857	0.0000	1.547	354.814	0.000	354.814	0.000
47.952	10.802	0.0000	1.580	352.990	0.000	352.990	0.000
48.95	10.793	0.0000	1.614	352.709	0.000	352.709	0.000
49.95	10.820	0.0000	1.647	353.608	0.000	353.608	0.000
50.948	10.866	0.0000	1.680	355.108	0.000	355.108	0.000
51.948	10.908	0.0000	1.713	356.474	0.000	356.474	0.000
52.947	10.934	0.0000	1.747	357.317	0.000	357.317	0.000
53.945	10.915	0.0000	1.780	356.683	0.000	356.683	0.000
54.945	10.851	0.0000	1.813	354.608	0.000	354.608	0.000
55.943	10.789	0.0000	1.847	352.575	0.000	352.575	0.000
56.942	10.820	0.0000	1.880	353.595	0.000	353.595	0.000
57.94	10.868	0.0000	1.913	355.160	0.000	355.160	0.000
58.94	10.916	0.0000	1.947	356.729	0.000	356.729	0.000
59.94	10.932	0.0000	1.980	357.265	0.000	357.265	0.000
60.939	10.939	0.0000	2.013	357.487	0.000	357.487	0.000
61.937	10.912	0.0000	2.046	356.595	0.000	356.595	0.000
62.936	10.843	0.0000	2.080	354.333	0.000	354.333	0.000
63.935	10.877	0.0000	2.113	355.461	0.000	355.461	0.000
64.935	10.942	0.0000	2.146	357.569	0.000	357.569	0.000
65.933	10.986	0.0000	2.180	359.013	0.000	359.013	0.000
66.932	11.019	0.0000	2.213	360.088	0.000	360.088	0.000
67.932	11.030	0.0000	2.246	360.444	0.000	360.444	0.000
68.93	10.978	0.0000	2.280	358.758	0.000	358.758	0.000
69.93	10.966	0.0000	2.313	358.353	0.000	358.353	0.000
70.929	10.983	0.0000	2.346	358.925	0.000	358.925	0.000
71.925	10.991	0.0000	2.379	359.193	0.000	359.193	0.000
72.927	11.008	0.0000	2.413	359.745	0.000	359.745	0.000
73.927	11.020	0.0000	2.446	360.134	0.000	360.134	0.000
74.925	11.029	0.0000	2.479	360.418	0.000	360.418	0.000
75.924	11.027	0.0000	2.513	360.346	0.000	360.346	0.000
76.923	11.023	0.0000	2.546	360.212	0.000	360.212	0.000
77.922	11.021	0.0000	2.579	360.157	0.000	360.157	0.000
78.922	11.022	0.0000	2.613	360.186	0.000	360.186	0.000
79.921	10.980	0.0000	2.646	358.824	0.000	358.824	0.000
80.919	10.878	0.0000	2.679	355.474	0.000	355.474	0.000
81.919	10.838	0.0000	2.712	354.173	0.000	354.173	0.000
82.916	10.838	0.0000	2.746	354.193	0.000	354.193	0.000
83.916	10.717	0.0000	2.779	350.225	0.000	350.225	0.000
84.913	10.643	0.0000	2.812	347.820	0.000	347.820	0.000
85.913	10.683	0.0000	2.846	349.124	0.000	349.124	0.000
86.912	10.746	0.0000	2.879	351.173	0.000	351.173	0.000
87.912	10.760	0.0000	2.912	351.634	0.000	351.634	0.000
88.912	10.742	0.0000	2.946	351.033	0.000	351.033	0.000
89.91	10.672	0.0000	2.979	348.758	0.000	348.758	0.000
90.909	10.664	0.0000	3.012	348.497	0.000	348.497	0.000
91.907	10.741	0.0000	3.045	351.007	0.000	351.007	0.000
92.906	10.790	0.0000	3.079	352.605	0.000	352.605	0.000
93.905	10.810	0.0000	3.112	353.258	0.000	353.258	0.000
94.904	10.830	0.0000	3.145	353.915	0.000	353.915	0.000
95.904	10.839	0.0000	3.179	354.225	0.000	354.225	0.000
96.902	10.789	0.0000	3.212	352.585	0.000	352.585	0.000
97.901	10.740	0.0000	3.245	350.977	0.000	350.977	0.000
98.901	10.744	0.0000	3.279	351.108	0.000	351.108	0.000
99.901	10.751	0.0000	3.312	351.333	0.000	351.333	0.000
100.898	10.714	0.0000	3.345	350.134	0.000	350.134	0.000
101.897	10.668	0.0000	3.378	348.627	0.000	348.627	0.000
102.897	10.688	0.0000	3.412	349.281	0.000	349.281	0.000
103.895	10.721	0.0000	3.445	350.343	0.000	350.343	0.000
104.894	10.768	0.0000	3.478	351.889	0.000	351.889	0.000
105.895	10.824	0.0000	3.512	353.709	0.000	353.709	0.000
106.892	10.839	0.0000	3.545	354.203	0.000	354.203	0.000
107.892	10.835	0.0000	3.578	354.098	0.000	354.098	0.000
108.89	10.880	0.0000	3.612	355.559	0.000	355.559	0.000
109.889	10.871	0.0000	3.645	355.248	0.000	355.248	0.000
110.888	10.803	0.0000	3.678	353.042	0.000	353.042	0.000
111.888	10.768	0.0000	3.711	351.905	0.000	351.905	0.000
112.887	10.763	0.0000	3.745	351.745	0.000	351.745	0.000
113.885	10.805	0.0000	3.778	353.091	0.000	353.091	0.000
114.884	10.842	0.0000	3.811	354.297	0.000	354.297	0.000
115.885	10.868	0.0000	3.845	355.150	0.000	355.150	0.000
116.882	10.891	0.0000	3.878	355.925	0.000	355.925	0.000
117.882	10.909	0.0000	3.911	356.516	0.000	356.516	0.000
118.881	10.922	0.0000	3.945	356.941	0.000	356.941	0.000
119.878	10.930	0.0000	3.978	357.190	0.000	357.190	0.000
120.88	10.936	0.0000	4.011	357.389	0.000	357.389	0.000
121.877	10.940	0.0000	4.044	357.529	0.000	357.529	0.000
122.877	10.945	0.0000	4.078	357.680	0.000	357.680	0.000
123.875	10.885	0.0000	4.111	355.719	0.000	355.719	0.000
124.874	10.848	0.0000	4.144	354.510	0.000	354.510	0.000
125.873	10.891	0.0000	4.178	355.902	0.000	355.902	0.000
126.874	10.924	0.0000	4.211	356.997	0.000	356.997	0.000
127.872	10.933	0.0000	4.244	357.297	0.000	357.297	0.000
128.871	10.932	0.0000	4.278	357.252	0.000	357.252	0.000
129.868	10.935	0.0000	4.311	357.353	0.000	357.353	0.000
130.868	10.934	0.0000	4.344	357.330	0.000	357.330	0.000
131.867	10.908	0.0000	4.377	356.477	0.000	356.477	0.000
132.868	10.885	0.0000	4.411	355.729	0.000	355.729	0.000
133.866	10.867	0.0000	4.444	355.118	0.000	355.118	0.000
134.865	10.857	0.0000	4.477	354.810	0.000	354.810	0.000
135.865	10.887	0.0000	4.511	355.794	0.000	355.794	0.000
136.863	10.916	0.0000	4.544	356.729	0.000	356.729	0.000
137.863	10.948	0.0000	4.577	357.781	0.000	357.781	0.000
138.862	10.911	0.0000	4.611	356.552	0.000	356.552	0.000
139.861	10.870	0.0000	4.644	355.219	0.000	355.219	0.000
140.858	10.792	0.0000	4.677	352.670	0.000	352.670	0.000
141.858	10.788	0.0000	4.710	352.546	0.000	352.546	0.000
142.858	10.818	0.0000	4.744	353.523	0.000	353.523	0.000
143.857	10.843	0.0000	4.777	354.337	0.000	354.337	0.000
144.855	10.861	0.0000	4.810	354.925	0.000	354.925	0.000
145.852	10.872	0.0000	4.844	355.304	0.000	355.304	0.000
146.852	10.888	0.0000	4.877	355.801	0.000	355.801	0.000
147.852	10.900	0.0000	4.910	356.206	0.000	356.206	0.000
148.85	10.905	0.0000	4.944	356.373	0.000	356.373	0.000
149.85	10.896	0.0000	4.977	356.085	0.000	356.085	0.000
150.848	10.824	0.0000	5.010	353.725	0.000	353.725	0.000
151.848	10.764	0.0000	5.043	351.771	0.000	351.771	0.000
152.847	10.796	0.0000	5.077	352.801	0.000	352.801	0.000
153.847	10.834	0.0000	5.110	354.065	0.000	354.065	0.000
154.844	10.863	0.0000	5.143	355.007	0.000	355.007	0.000
155.843	10.894	0.0000	5.177	356.010	0.000	356.010	0.000
156.843	10.920	0.0000	5.210	356.876	0.000	356.876	0.000
157.842	10.941	0.0000	5.243	357.556	0.000	357.556	0.000
158.842	10.957	0.0000	5.277	358.072	0.000	358.072	0.000
159.84	10.966	0.0000	5.310	358.379	0.000	358.379	0.000
160.84	10.969	0.0000	5.343	358.467	0.000	358.467	0.000
161.838	10.963	0.0000	5.376	358.261	0.000	358.261	0.000
162.836	10.875	0.0000	5.410	355.379	0.000	355.379	0.000
163.836	10.708	0.0000	5.443	349.928	0.000	349.928	0.000
164.835	10.663	0.0000	5.476	348.461	0.000	348.461	0.000
165.835	10.638	0.0000	5.510	347.641	0.000	347.641	0.000
166.833	10.610	0.0000	5.543	346.735	0.000	346.735	0.000
167.833	10.602	0.0000	5.576	346.480	0.000	346.480	0.000
168.832	10.618	0.0000	5.610	346.977	0.000	346.977	0.000
169.832	10.635	0.0000	5.643	347.539	0.000	347.539	0.000
170.83	10.647	0.0000	5.676	347.948	0.000	347.948	0.000
171.829	10.619	0.0000	5.709	347.036	0.000	347.036	0.000
172.828	10.637	0.0000	5.743	347.601	0.000	347.601	0.000
173.827	10.684	0.0000	5.776	349.157	0.000	349.157	0.000
174.826	10.723	0.0000	5.809	350.418	0.000	350.418	0.000
175.825	10.749	0.0000	5.843	351.284	0.000	351.284	0.000
176.824	10.753	0.0000	5.876	351.389	0.000	351.389	0.000
177.822	10.746	0.0000	5.909	351.183	0.000	351.183	0.000
178.823	10.708	0.0000	5.943	349.941	0.000	349.941	0.000
179.821	10.610	0.0000	5.976	346.735	0.000	346.735	0.000
180.821	10.586	0.0000	6.009	345.954	0.000	345.954	0.000
181.819	10.593	0.0000	6.042	346.190	0.000	346.190	0.000
182.818	10.601	0.0000	6.076	346.422	0.000	346.422	0.000
183.817	10.598	0.0000	6.109	346.337	0.000	346.337	0.000
184.817	10.592	0.0000	6.142	346.154	0.000	346.154	0.000
185.816	10.619	0.0000	6.176	347.029	0.000	347.029	0.000
186.814	10.640	0.0000	6.209	347.716	0.000	347.716	0.000
187.814	10.664	0.0000	6.242	348.480	0.000	348.480	0.000
188.811	10.627	0.0000	6.276	347.278	0.000	347.278	0.000
189.811	10.581	0.0000	6.309	345.768	0.000	345.768	0.000
190.811	10.536	0.0000	6.342	344.324	0.000	344.324	0.000
191.81	10.524	0.0000	6.375	343.915	0.000	343.915	0.000
192.808	10.526	0.0000	6.409	343.987	0.000	343.987	0.000
193.807	10.545	0.0000	6.442	344.605	0.000	344.605	0.000
194.807	10.570	0.0000	6.475	345.428	0.000	345.428	0.000
195.806	10.594	0.0000	6.509	346.203	0.000	346.203	0.000
196.804	10.623	0.0000	6.542	347.163	0.000	347.163	0.000
197.804	10.660	0.0000	6.575	348.359	0.000	348.359	0.000
198.803	10.695	0.0000	6.609	349.520	0.000	349.520	0.000
199.802	10.727	0.0000	6.642	350.546	0.000	350.546	0.000
200.8	10.761	0.0000	6.675	351.657	0.000	351.657	0.000
201.8	10.781	0.0000	6.708	352.333	0.000	352.333	0.000
202.797	10.797	0.0000	6.742	352.853	0.000	352.853	0.000
203.797	10.839	0.0000	6.775	354.216	0.000	354.216	0.000
204.796	10.881	0.0000	6.808	355.591	0.000	355.591	0.000
205.796	10.912	0.0000	6.842	356.601	0.000	356.601	0.000
206.795	10.947	0.0000	6.875	357.732	0.000	357.732	0.000
207.794	10.981	0.0000	6.908	358.856	0.000	358.856	0.000
208.793	11.009	0.0000	6.942	359.755	0.000	359.755	0.000
209.791	11.037	0.0000	6.975	360.693	0.000	360.693	0.000
210.791	11.062	0.0000	7.008	361.503	0.000	361.503	0.000
211.789	11.086	0.0000	7.041	362.288	0.000	362.288	0.000
212.789	11.109	0.0000	7.075	363.036	0.000	363.036	0.000
213.788	11.130	0.0000	7.108	363.712	0.000	363.712	0.000
214.787	11.151	0.0000	7.141	364.418	0.000	364.418	0.000
215.786	11.171	0.0000	7.175	365.078	0.000	365.078	0.000
216.784	11.190	0.0000	7.208	365.683	0.000	365.683	0.000
217.784	11.207	0.0000	7.241	366.245	0.000	366.245	0.000
218.782	11.223	0.0000	7.275	366.765	0.000	366.765	0.000
219.782	11.239	0.0000	7.308	367.271	0.000	367.271	0.000
220.78	11.251	0.0000	7.341	367.686	0.000	367.686	0.000
221.777	11.265	0.0000	7.374	368.141	0.000	368.141	0.000
222.779	11.278	0.0000	7.408	368.575	0.000	368.575	0.000
223.778	11.291	0.0000	7.441	368.977	0.000	368.977	0.000
224.777	11.302	0.0000	7.474	369.343	0.000	369.343	0.000
225.775	11.312	0.0000	7.508	369.686	0.000	369.686	0.000
226.773	11.323	0.0000	7.541	370.026	0.000	370.026	0.000
227.774	11.332	0.0000	7.574	370.337	0.000	370.337	0.000
228.773	11.342	0.0000	7.608	370.637	0.000	370.637	0.000
229.77	11.351	0.0000	7.641	370.938	0.000	370.938	0.000
230.769	11.360	0.0000	7.674	371.252	0.000	371.252	0.000
231.768	11.369	0.0000	7.707	371.526	0.000	371.526	0.000
232.767	11.378	0.0000	7.741	371.817	0.000	371.817	0.000
233.767	11.387	0.0000	7.774	372.127	0.000	372.127	0.000
234.765	11.396	0.0000	7.807	372.415	0.000	372.415	0.000
235.765	11.403	0.0000	7.841	372.657	0.000	372.657	0.000
236.765	11.412	0.0000	7.874	372.948	0.000	372.948	0.000
237.764	11.419	0.0000	7.907	373.173	0.000	373.173	0.000
238.762	11.424	0.0000	7.941	373.317	0.000	373.317	0.000
239.761	11.436	0.0000	7.974	373.712	0.000	373.712	0.000
240.76	11.444	0.0000	8.007	373.993	0.000	373.993	0.000
241.76	11.453	0.0000	8.040	374.265	0.000	374.265	0.000
242.759	11.461	0.0000	8.074	374.533	0.000	374.533	0.000
243.758	11.468	0.0000	8.107	374.765	0.000	374.765	0.000
244.757	11.476	0.0000	8.140	375.023	0.000	375.023	0.000
245.755	11.483	0.0000	8.174	375.271	0.000	375.271	0.000
246.754	11.491	0.0000	8.207	375.529	0.000	375.529	0.000
247.754	11.499	0.0000	8.240	375.771	0.000	375.771	0.000
248.752	11.507	0.0000	8.274	376.033	0.000	376.033	0.000
249.751	11.514	0.0000	8.307	376.275	0.000	376.275	0.000
250.748	11.522	0.0000	8.340	376.546	0.000	376.546	0.000
251.75	11.530	0.0000	8.373	376.784	0.000	376.784	0.000
252.749	11.537	0.0000	8.407	377.023	0.000	377.023	0.000
253.747	11.544	0.0000	8.440	377.261	0.000	377.261	0.000
254.746	11.552	0.0000	8.473	377.513	0.000	377.513	0.000
255.745	11.559	0.0000	8.507	377.735	0.000	377.735	0.000
256.746	11.567	0.0000	8.540	377.990	0.000	377.990	0.000
257.743	11.573	0.0000	8.573	378.186	0.000	378.186	0.000
258.743	11.579	0.0000	8.607	378.392	0.000	378.392	0.000
259.742	11.587	0.0000	8.640	378.663	0.000	378.663	0.000
260.741	11.594	0.0000	8.673	378.876	0.000	378.876	0.000
261.74	11.601	0.0000	8.706	379.131	0.000	379.131	0.000
262.738	11.608	0.0000	8.740	379.340	0.000	379.340	0.000
263.738	11.615	0.0000	8.773	379.582	0.000	379.582	0.000
264.737	11.622	0.0000	8.806	379.807	0.000	379.807	0.000
265.735	11.628	0.0000	8.840	380.003	0.000	380.003	0.000
266.734	11.634	0.0000	8.873	380.209	0.000	380.209	0.000
267.733	11.642	0.0000	8.906	380.461	0.000	380.461	0.000
268.733	11.649	0.0000	8.940	380.673	0.000	380.673	0.000
269.731	11.656	0.0000	8.973	380.912	0.000	380.912	0.000
270.729	11.662	0.0000	9.006	381.124	0.000	381.124	0.000
271.731	11.669	0.0000	9.039	381.324	0.000	381.324	0.000
272.729	11.676	0.0000	9.073	381.552	0.000	381.552	0.000
273.726	11.682	0.0000	9.106	381.768	0.000	381.768	0.000
274.727	11.688	0.0000	9.139	381.961	0.000	381.961	0.000
275.725	11.694	0.0000	9.173	382.144	0.000	382.144	0.000
276.724	11.701	0.0000	9.206	382.373	0.000	382.373	0.000
277.725	11.707	0.0000	9.239	382.585	0.000	382.585	0.000
278.722	11.713	0.0000	9.273	382.778	0.000	382.778	0.000
279.722	11.719	0.0000	9.306	382.984	0.000	382.984	0.000
280.719	11.727	0.0000	9.339	383.219	0.000	383.219	0.000
281.719	11.732	0.0000	9.372	383.408	0.000	383.408	0.000
282.719	11.738	0.0000	9.406	383.598	0.000	383.598	0.000
283.717	11.744	0.0000	9.439	383.804	0.000	383.804	0.000
284.717	11.751	0.0000	9.472	384.033	0.000	384.033	0.000
285.715	11.758	0.0000	9.506	384.235	0.000	384.235	0.000
286.715	11.763	0.0000	9.539	384.425	0.000	384.425	0.000
287.712	11.769	0.0000	9.572	384.614	0.000	384.614	0.000
288.712	11.775	0.0000	9.606	384.814	0.000	384.814	0.000
289.711	11.781	0.0000	9.639	385.010	0.000	385.010	0.000
290.712	11.787	0.0000	9.672	385.196	0.000	385.196	0.000
291.711	11.793	0.0000	9.705	385.392	0.000	385.392	0.000
292.707	11.798	0.0000	9.739	385.569	0.000	385.569	0.000
293.708	11.805	0.0000	9.772	385.781	0.000	385.781	0.000
294.706	11.811	0.0000	9.805	385.974	0.000	385.974	0.000
295.706	11.816	0.0000	9.839	386.147	0.000	386.147	0.000
296.704	11.822	0.0000	9.872	386.337	0.000	386.337	0.000
297.705	11.828	0.0000	9.905	386.536	0.000	386.536	0.000
298.703	11.833	0.0000	9.939	386.709	0.000	386.709	0.000
299.701	11.839	0.0000	9.972	386.902	0.000	386.902	0.000
300.7	11.845	0.0000	10.005	387.088	0.000	387.088	0.000
301.7	11.850	0.0000	10.039	387.268	0.000	387.268	0.000
302.697	11.856	0.0000	10.072	387.448	0.000	387.448	0.000
303.698	11.862	0.0000	10.105	387.637	0.000	387.637	0.000
304.697	11.867	0.0000	10.138	387.814	0.000	387.814	0.000
305.695	11.872	0.0000	10.172	387.984	0.000	387.984	0.000
306.693	11.878	0.0000	10.205	388.180	0.000	388.180	0.000
307.694	11.884	0.0000	10.238	388.350	0.000	388.350	0.000
308.692	11.889	0.0000	10.272	388.523	0.000	388.523	0.000
309.692	11.894	0.0000	10.305	388.703	0.000	388.703	0.000
310.692	11.900	0.0000	10.338	388.882	0.000	388.882	0.000
311.69	11.905	0.0000	10.372	389.046	0.000	389.046	0.000
312.688	11.909	0.0000	10.405	389.196	0.000	389.196	0.000
313.689	11.915	0.0000	10.438	389.369	0.000	389.369	0.000
314.688	11.920	0.0000	10.471	389.536	0.000	389.536	0.000
315.686	11.926	0.0000	10.505	389.725	0.000	389.725	0.000
316.684	11.931	0.0000	10.538	389.905	0.000	389.905	0.000
317.685	11.936	0.0000	10.571	390.052	0.000	390.052	0.000
318.683	11.941	0.0000	10.605	390.219	0.000	390.219	0.000
319.683	11.946	0.0000	10.638	390.389	0.000	390.389	0.000
320.681	11.951	0.0000	10.671	390.565	0.000	390.565	0.000
321.68	11.956	0.0000	10.705	390.706	0.000	390.706	0.000
322.677	11.961	0.0000	10.738	390.882	0.000	390.882	0.000
323.678	11.966	0.0000	10.771	391.036	0.000	391.036	0.000
324.676	11.971	0.0000	10.804	391.193	0.000	391.193	0.000
325.676	11.975	0.0000	10.838	391.343	0.000	391.343	0.000
326.673	11.980	0.0000	10.871	391.507	0.000	391.507	0.000
327.675	11.985	0.0000	10.904	391.676	0.000	391.676	0.000
328.674	11.990	0.0000	10.938	391.830	0.000	391.830	0.000
329.672	11.995	0.0000	10.971	391.993	0.000	391.993	0.000
330.671	12.000	0.0000	11.004	392.141	0.000	392.141	0.000
331.669	12.005	0.0000	11.038	392.307	0.000	392.307	0.000
332.669	12.010	0.0000	11.071	392.477	0.000	392.477	0.000
333.668	12.015	0.0000	11.104	392.634	0.000	392.634	0.000
334.666	12.020	0.0000	11.137	392.794	0.000	392.794	0.000
335.665	12.024	0.0000	11.171	392.928	0.000	392.928	0.000
336.664	12.028	0.0000	11.204	393.078	0.000	393.078	0.000
337.663	12.033	0.0000	11.237	393.239	0.000	393.239	0.000
338.663	12.037	0.0000	11.271	393.369	0.000	393.369	0.000
339.663	12.042	0.0000	11.304	393.513	0.000	393.513	0.000
340.661	12.047	0.0000	11.337	393.676	0.000	393.676	0.000
341.66	12.051	0.0000	11.371	393.807	0.000	393.807	0.000
342.659	12.055	0.0000	11.404	393.954	0.000	393.954	0.000
343.659	12.060	0.0000	11.437	394.108	0.000	394.108	0.000
344.656	12.065	0.0000	11.470	394.275	0.000	394.275	0.000
345.656	12.070	0.0000	11.504	394.441	0.000	394.441	0.000
346.657	12.074	0.0000	11.537	394.569	0.000	394.569	0.000
347.653	12.077	0.0000	11.570	394.686	0.000	394.686	0.000
348.652	12.082	0.0000	11.604	394.824	0.000	394.824	0.000
349.652	12.086	0.0000	11.637	394.961	0.000	394.961	0.000
350.651	12.090	0.0000	11.670	395.101	0.000	395.101	0.000
351.651	12.095	0.0000	11.704	395.261	0.000	395.261	0.000
352.65	12.098	0.0000	11.737	395.373	0.000	395.373	0.000
353.65	12.103	0.0000	11.770	395.516	0.000	395.516	0.000
354.648	12.108	0.0000	11.803	395.686	0.000	395.686	0.000
355.647	12.111	0.0000	11.837	395.768	0.000	395.768	0.000
356.646	12.115	0.0000	11.870	395.915	0.000	395.915	0.000
357.646	12.120	0.0000	11.903	396.065	0.000	396.065	0.000
358.644	12.123	0.0000	11.937	396.186	0.000	396.186	0.000
359.642	12.128	0.0000	11.970	396.324	0.000	396.324	0.000
360.642	12.131	0.0000	12.003	396.444	0.000	396.444	0.000
361.639	12.135	0.0000	12.037	396.575	0.000	396.575	0.000
362.639	12.140	0.0000	12.070	396.732	0.000	396.732	0.000
363.638	12.144	0.0000	12.103	396.876	0.000	396.876	0.000
364.637	12.147	0.0000	12.136	396.971	0.000	396.971	0.000
365.637	12.151	0.0000	12.170	397.095	0.000	397.095	0.000
366.634	12.155	0.0000	12.203	397.225	0.000	397.225	0.000
367.636	12.160	0.0000	12.236	397.386	0.000	397.386	0.000
368.634	12.164	0.0000	12.270	397.507	0.000	397.507	0.000
369.632	12.167	0.0000	12.303	397.614	0.000	397.614	0.000
370.632	12.171	0.0000	12.336	397.735	0.000	397.735	0.000
371.63	12.175	0.0000	12.370	397.876	0.000	397.876	0.000
372.63	12.179	0.0000	12.403	397.993	0.000	397.993	0.000
373.63	12.182	0.0000	12.436	398.118	0.000	398.118	0.000
374.626	12.185	0.0000	12.469	398.206	0.000	398.206	0.000
375.626	12.190	0.0000	12.503	398.366	0.000	398.366	0.000
376.625	12.193	0.0000	12.536	398.471	0.000	398.471	0.000
377.625	12.196	0.0000	12.569	398.569	0.000	398.569	0.000
378.624	12.200	0.0000	12.603	398.693	0.000	398.693	0.000
379.621	12.204	0.0000	12.636	398.810	0.000	398.810	0.000
380.621	12.209	0.0000	12.669	398.977	0.000	398.977	0.000
381.62	12.210	0.0000	12.703	399.020	0.000	399.020	0.000
382.62	12.215	0.0000	12.736	399.173	0.000	399.173	0.000
383.62	12.220	0.0000	12.769	399.333	0.000	399.333	0.000
384.617	12.223	0.0000	12.802	399.435	0.000	399.435	0.000
385.618	12.225	0.0000	12.836	399.516	0.000	399.516	0.000
386.615	12.230	0.0000	12.869	399.673	0.000	399.673	0.000
387.614	12.234	0.0000	12.902	399.794	0.000	399.794	0.000
388.614	12.236	0.0000	12.936	399.876	0.000	399.876	0.000
389.611	12.240	0.0000	12.969	400.000	0.000	400.000	0.000
390.612	12.243	0.0000	13.002	400.108	0.000	400.108	0.000
391.61	12.246	0.0000	13.036	400.190	0.000	400.190	0.000
392.611	12.250	0.0000	13.069	400.327	0.000	400.327	0.000
393.609	12.255	0.0000	13.102	400.484	0.000	400.484	0.000
394.607	12.256	0.0000	13.135	400.520	0.000	400.520	0.000
395.607	12.260	0.0000	13.169	400.654	0.000	400.654	0.000
396.606	12.264	0.0000	13.202	400.784	0.000	400.784	0.000
397.606	12.266	0.0000	13.235	400.846	0.000	400.846	0.000
398.603	12.270	0.0000	13.269	400.980	0.000	400.980	0.000
399.603	12.273	0.0000	13.302	401.091	0.000	401.091	0.000
400.602	12.276	0.0000	13.335	401.190	0.000	401.190	0.000
401.601	12.280	0.0000	13.369	401.307	0.000	401.307	0.000
402.6	12.284	0.0000	13.402	401.451	0.000	401.451	0.000
403.599	12.286	0.0000	13.435	401.490	0.000	401.490	0.000
404.598	12.290	0.0000	13.468	401.641	0.000	401.641	0.000
405.597	12.295	0.0000	13.502	401.797	0.000	401.797	0.000
406.595	12.297	0.0000	13.535	401.850	0.000	401.850	0.000
407.596	12.300	0.0000	13.568	401.961	0.000	401.961	0.000
408.593	12.303	0.0000	13.602	402.049	0.000	402.049	0.000
409.593	12.305	0.0000	13.635	402.124	0.000	402.124	0.000
410.591	12.309	0.0000	13.668	402.258	0.000	402.258	0.000
411.591	12.311	0.0000	13.702	402.327	0.000	402.327	0.000
412.589	12.315	0.0000	13.735	402.451	0.000	402.451	0.000
413.588	12.318	0.0000	13.768	402.562	0.000	402.562	0.000
414.586	12.320	0.0000	13.801	402.614	0.000	402.614	0.000
415.587	12.325	0.0000	13.835	402.775	0.000	402.775	0.000
416.585	12.327	0.0000	13.868	402.830	0.000	402.830	0.000
417.584	12.330	0.0000	13.901	402.941	0.000	402.941	0.000
418.584	12.333	0.0000	13.935	403.023	0.000	403.023	0.000
419.582	12.335	0.0000	13.968	403.105	0.000	403.105	0.000
420.581	12.340	0.0000	14.001	403.255	0.000	403.255	0.000
421.58	12.341	0.0000	14.035	403.304	0.000	403.304	0.000
422.58	12.345	0.0000	14.068	403.431	0.000	403.431	0.000
423.579	12.348	0.0000	14.101	403.520	0.000	403.520	0.000
424.579	12.350	0.0000	14.134	403.595	0.000	403.595	0.000
425.577	12.353	0.0000	14.168	403.690	0.000	403.690	0.000
426.576	12.355	0.0000	14.201	403.758	0.000	403.758	0.000
427.573	12.360	0.0000	14.234	403.922	0.000	403.922	0.000
428.574	12.360	0.0000	14.268	403.928	0.000	403.928	0.000
429.572	12.365	0.0000	14.301	404.085	0.000	404.085	0.000
430.572	12.367	0.0000	14.334	404.157	0.000	404.157	0.000
431.572	12.370	0.0000	14.368	404.248	0.000	404.248	0.000
432.571	12.372	0.0000	14.401	404.320	0.000	404.320	0.000
433.568	12.375	0.0000	14.434	404.412	0.000	404.412	0.000
434.568	12.378	0.0000	14.467	404.497	0.000	404.497	0.000
435.566	12.380	0.0000	14.501	404.575	0.000	404.575	0.000
436.566	12.384	0.0000	14.534	404.703	0.000	404.703	0.000
437.566	12.385	0.0000	14.567	404.739	0.000	404.739	0.000
438.563	12.386	0.0000	14.601	404.781	0.000	404.781	0.000
439.562	12.390	0.0000	14.634	404.902	0.000	404.902	0.000
440.561	12.395	0.0000	14.667	405.056	0.000	405.056	0.000
441.559	12.395	0.0000	14.701	405.065	0.000	405.065	0.000
442.561	12.399	0.0000	14.734	405.186	0.000	405.186	0.000
443.56	12.400	0.0000	14.767	405.229	0.000	405.229	0.000
444.558	12.405	0.0000	14.800	405.376	0.000	405.376	0.000
445.556	12.405	0.0000	14.834	405.392	0.000	405.392	0.000
446.554	12.409	0.0000	14.867	405.507	0.000	405.507	0.000
447.556	12.410	0.0000	14.900	405.556	0.000	405.556	0.000
448.555	12.415	0.0000	14.934	405.703	0.000	405.703	0.000
449.552	12.415	0.0000	14.967	405.719	0.000	405.719	0.000
450.552	12.419	0.0000	15.000	405.840	0.000	405.840	0.000
451.552	12.420	0.0000	15.034	405.882	0.000	405.882	0.000
452.551	12.423	0.0000	15.067	405.974	0.000	405.974	0.000
453.549	12.425	0.0000	15.100	406.046	0.000	406.046	0.000
454.549	12.430	0.0000	15.133	406.203	0.000	406.203	0.000
455.547	12.430	0.0000	15.167	406.209	0.000	406.209	0.000
456.547	12.433	0.0000	15.200	406.310	0.000	406.310	0.000
457.544	12.435	0.0000	15.233	406.373	0.000	406.373	0.000
458.543	12.438	0.0000	15.267	406.467	0.000	406.467	0.000
459.543	12.440	0.0000	15.300	406.536	0.000	406.536	0.000
460.543	12.442	0.0000	15.333	406.588	0.000	406.588	0.000
461.542	12.445	0.0000	15.367	406.699	0.000	406.699	0.000
462.541	12.446	0.0000	15.400	406.735	0.000	406.735	0.000
463.541	12.450	0.0000	15.433	406.863	0.000	406.863	0.000
464.539	12.451	0.0000	15.466	406.899	0.000	406.899	0.000
465.536	12.455	0.0000	15.500	407.026	0.000	407.026	0.000
466.536	12.455	0.0000	15.533	407.026	0.000	407.026	0.000
467.535	12.459	0.0000	15.566	407.160	0.000	407.160	0.000
468.535	12.460	0.0000	15.600	407.190	0.000	407.190	0.000
469.534	12.463	0.0000	15.633	407.288	0.000	407.288	0.000
470.532	12.465	0.0000	15.666	407.353	0.000	407.353	0.000
471.531	12.465	0.0000	15.700	407.353	0.000	407.353	0.000
472.531	12.469	0.0000	15.733	407.490	0.000	407.490	0.000
473.531	12.470	0.0000	15.766	407.516	0.000	407.516	0.000
474.528	12.475	0.0000	15.799	407.663	0.000	407.663	0.000
475.526	12.475	0.0000	15.833	407.680	0.000	407.680	0.000
476.526	12.477	0.0000	15.866	407.735	0.000	407.735	0.000
477.525	12.480	0.0000	15.899	407.843	0.000	407.843	0.000
478.525	12.481	0.0000	15.933	407.859	0.000	407.859	0.000
479.525	12.485	0.0000	15.966	408.007	0.000	408.007	0.000
480.523	12.485	0.0000	15.999	408.007	0.000	408.007	0.000
481.522	12.489	0.0000	16.033	408.134	0.000	408.134	0.000
482.522	12.490	0.0000	16.066	408.170	0.000	408.170	0.000
483.52	12.490	0.0000	16.099	408.170	0.000	408.170	0.000
484.519	12.494	0.0000	16.132	408.284	0.000	408.284	0.000
485.519	12.495	0.0000	16.166	408.333	0.000	408.333	0.000
486.517	12.496	0.0000	16.199	408.379	0.000	408.379	0.000
487.515	12.500	0.0000	16.232	408.497	0.000	408.497	0.000
488.514	12.500	0.0000	16.266	408.497	0.000	408.497	0.000
489.512	12.504	0.0000	16.299	408.621	0.000	408.621	0.000
490.513	12.505	0.0000	16.332	408.660	0.000	408.660	0.000
491.512	12.505	0.0000	16.366	408.663	0.000	408.663	0.000
492.51	12.510	0.0000	16.399	408.824	0.000	408.824	0.000
493.511	12.510	0.0000	16.432	408.824	0.000	408.824	0.000
494.51	12.511	0.0000	16.465	408.859	0.000	408.859	0.000
495.508	12.515	0.0000	16.499	408.987	0.000	408.987	0.000
496.508	12.515	0.0000	16.532	408.987	0.000	408.987	0.000
497.505	12.515	0.0000	16.565	408.987	0.000	408.987	0.000
498.504	12.520	0.0000	16.599	409.150	0.000	409.150	0.000
499.504	12.521	0.0000	16.632	409.167	0.000	409.167	0.000
500.504	12.525	0.0000	16.665	409.314	0.000	409.314	0.000
501.503	12.525	0.0000	16.699	409.314	0.000	409.314	0.000
502.501	12.525	0.0000	16.732	409.314	0.000	409.314	0.000
503.501	12.529	0.0000	16.765	409.428	0.000	409.428	0.000
504.499	12.530	0.0000	16.798	409.477	0.000	409.477	0.000
505.497	12.530	0.0000	16.832	409.484	0.000	409.484	0.000
506.496	12.535	0.0000	16.865	409.641	0.000	409.641	0.000
507.495	12.535	0.0000	16.898	409.641	0.000	409.641	0.000
508.494	12.537	0.0000	16.932	409.706	0.000	409.706	0.000
509.493	12.540	0.0000	16.965	409.804	0.000	409.804	0.000
510.492	12.540	0.0000	16.998	409.804	0.000	409.804	0.000
511.493	12.541	0.0000	17.032	409.846	0.000	409.846	0.000
512.489	12.545	0.0000	17.065	409.967	0.000	409.967	0.000
513.491	12.545	0.0000	17.098	409.967	0.000	409.967	0.000
514.488	12.545	0.0000	17.131	409.967	0.000	409.967	0.000
515.486	12.549	0.0000	17.165	410.108	0.000	410.108	0.000
516.487	12.550	0.0000	17.198	410.131	0.000	410.131	0.000
517.486	12.550	0.0000	17.231	410.131	0.000	410.131	0.000
518.486	12.552	0.0000	17.265	410.206	0.000	410.206	0.000
519.483	12.555	0.0000	17.298	410.294	0.000	410.294	0.000
520.483	12.555	0.0000	17.331	410.294	0.000	410.294	0.000
521.483	12.558	0.0000	17.365	410.376	0.000	410.376	0.000
522.48	12.560	0.0000	17.398	410.458	0.000	410.458	0.000
523.48	12.560	0.0000	17.431	410.458	0.000	410.458	0.000
524.479	12.561	0.0000	17.464	410.503	0.000	410.503	0.000
525.477	12.565	0.0000	17.498	410.621	0.000	410.621	0.000
526.478	12.565	0.0000	17.531	410.621	0.000	410.621	0.000
527.476	12.567	0.0000	17.564	410.680	0.000	410.680	0.000
528.475	12.570	0.0000	17.598	410.784	0.000	410.784	0.000
529.474	12.570	0.0000	17.631	410.784	0.000	410.784	0.000
530.473	12.570	0.0000	17.664	410.784	0.000	410.784	0.000
531.471	12.572	0.0000	17.698	410.840	0.000	410.840	0.000
532.47	12.575	0.0000	17.731	410.948	0.000	410.948	0.000
533.469	12.575	0.0000	17.764	410.948	0.000	410.948	0.000
534.469	12.576	0.0000	17.797	410.984	0.000	410.984	0.000
535.469	12.580	0.0000	17.831	411.111	0.000	411.111	0.000
536.468	12.580	0.0000	17.864	411.111	0.000	411.111	0.000
537.464	12.580	0.0000	17.897	411.111	0.000	411.111	0.000
538.463	12.583	0.0000	17.931	411.212	0.000	411.212	0.000
539.464	12.585	0.0000	17.964	411.275	0.000	411.275	0.000
540.462	12.585	0.0000	17.997	411.275	0.000	411.275	0.000
541.463	12.585	0.0000	18.031	411.275	0.000	411.275	0.000
542.461	12.588	0.0000	18.064	411.356	0.000	411.356	0.000
543.461	12.590	0.0000	18.097	411.438	0.000	411.438	0.000
544.458	12.590	0.0000	18.130	411.438	0.000	411.438	0.000
545.458	12.592	0.0000	18.164	411.507	0.000	411.507	0.000
546.457	12.595	0.0000	18.197	411.601	0.000	411.601	0.000
547.456	12.595	0.0000	18.230	411.601	0.000	411.601	0.000
548.456	12.595	0.0000	18.264	411.601	0.000	411.601	0.000
549.454	12.598	0.0000	18.297	411.706	0.000	411.706	0.000
550.453	12.600	0.0000	18.330	411.765	0.000	411.765	0.000
551.451	12.600	0.0000	18.364	411.765	0.000	411.765	0.000
552.451	12.600	0.0000	18.397	411.778	0.000	411.778	0.000
553.449	12.604	0.0000	18.430	411.892	0.000	411.892	0.000
554.449	12.605	0.0000	18.463	411.928	0.000	411.928	0.000
555.447	12.605	0.0000	18.497	411.928	0.000	411.928	0.000
556.447	12.605	0.0000	18.530	411.928	0.000	411.928	0.000
557.447	12.606	0.0000	18.563	411.964	0.000	411.964	0.000
558.444	12.610	0.0000	18.597	412.091	0.000	412.091	0.000
559.446	12.610	0.0000	18.630	412.091	0.000	412.091	0.000
560.443	12.610	0.0000	18.663	412.091	0.000	412.091	0.000
561.444	12.610	0.0000	18.697	412.091	0.000	412.091	0.000
562.441	12.610	0.0000	18.730	412.091	0.000	412.091	0.000
563.439	12.615	0.0000	18.763	412.255	0.000	412.255	0.000
564.44	12.615	0.0000	18.796	412.255	0.000	412.255	0.000
565.438	12.615	0.0000	18.830	412.255	0.000	412.255	0.000
566.437	12.618	0.0000	18.863	412.356	0.000	412.356	0.000
567.436	12.620	0.0000	18.896	412.418	0.000	412.418	0.000
568.436	12.620	0.0000	18.930	412.418	0.000	412.418	0.000
569.434	12.620	0.0000	18.963	412.418	0.000	412.418	0.000
570.434	12.620	0.0000	18.996	412.418	0.000	412.418	0.000
571.432	12.624	0.0000	19.030	412.556	0.000	412.556	0.000
572.431	12.625	0.0000	19.063	412.582	0.000	412.582	0.000
573.431	12.625	0.0000	19.096	412.582	0.000	412.582	0.000
574.429	12.625	0.0000	19.129	412.582	0.000	412.582	0.000
575.429	12.625	0.0000	19.163	412.582	0.000	412.582	0.000
576.428	12.628	0.0000	19.196	412.663	0.000	412.663	0.000
577.427	12.630	0.0000	19.229	412.745	0.000	412.745	0.000
578.425	12.630	0.0000	19.263	412.745	0.000	412.745	0.000
579.425	12.630	0.0000	19.296	412.745	0.000	412.745	0.000
580.424	12.630	0.0000	19.329	412.745	0.000	412.745	0.000
581.423	12.631	0.0000	19.363	412.791	0.000	412.791	0.000
582.422	12.635	0.0000	19.396	412.908	0.000	412.908	0.000
583.421	12.635	0.0000	19.429	412.908	0.000	412.908	0.000
584.42	12.635	0.0000	19.462	412.908	0.000	412.908	0.000
585.419	12.635	0.0000	19.496	412.908	0.000	412.908	0.000
586.417	12.639	0.0000	19.529	413.046	0.000	413.046	0.000
587.417	12.640	0.0000	19.562	413.072	0.000	413.072	0.000
588.416	12.640	0.0000	19.596	413.072	0.000	413.072	0.000
589.415	12.640	0.0000	19.629	413.072	0.000	413.072	0.000
590.415	12.640	0.0000	19.662	413.072	0.000	413.072	0.000
591.413	12.640	0.0000	19.696	413.072	0.000	413.072	0.000
592.411	12.640	0.0000	19.729	413.072	0.000	413.072	0.000
593.411	12.644	0.0000	19.762	413.186	0.000	413.186	0.000
594.411	12.645	0.0000	19.796	413.235	0.000	413.235	0.000
595.409	12.645	0.0000	19.829	413.235	0.000	413.235	0.000
596.408	12.645	0.0000	19.862	413.235	0.000	413.235	0.000
597.407	12.645	0.0000	19.895	413.235	0.000	413.235	0.000
598.407	12.645	0.0000	19.929	413.235	0.000	413.235	0.000
599.405	12.646	0.0000	19.962	413.261	0.000	413.261	0.000
600.404	12.650	0.0000	19.995	413.399	0.000	413.399	0.000
601.403	12.650	0.0000	20.029	413.399	0.000	413.399	0.000
602.403	12.650	0.0000	20.062	413.399	0.000	413.399	0.000
603.401	12.650	0.0000	20.095	413.399	0.000	413.399	0.000
604.401	12.650	0.0000	20.129	413.399	0.000	413.399	0.000
605.399	12.650	0.0000	20.162	413.399	0.000	413.399	0.000
606.399	12.652	0.0000	20.195	413.464	0.000	413.464	0.000
607.397	12.655	0.0000	20.228	413.559	0.000	413.559	0.000
608.396	12.655	0.0000	20.262	413.562	0.000	413.562	0.000
609.394	12.655	0.0000	20.295	413.562	0.000	413.562	0.000
610.394	12.655	0.0000	20.328	413.562	0.000	413.562	0.000
611.393	12.655	0.0000	20.362	413.562	0.000	413.562	0.000
612.392	12.655	0.0000	20.395	413.562	0.000	413.562	0.000
613.391	12.656	0.0000	20.428	413.595	0.000	413.595	0.000
614.39	12.660	0.0000	20.462	413.725	0.000	413.725	0.000
615.388	12.660	0.0000	20.495	413.725	0.000	413.725	0.000
616.389	12.660	0.0000	20.528	413.725	0.000	413.725	0.000
617.388	12.660	0.0000	20.561	413.725	0.000	413.725	0.000
618.385	12.660	0.0000	20.595	413.725	0.000	413.725	0.000
619.383	12.660	0.0000	20.628	413.725	0.000	413.725	0.000
620.385	12.660	0.0000	20.661	413.739	0.000	413.739	0.000
621.384	12.665	0.0000	20.695	413.889	0.000	413.889	0.000
622.383	12.661	0.0000	20.728	413.771	0.000	413.771	0.000
623.379	12.665	0.0000	20.761	413.886	0.000	413.886	0.000
624.38	12.665	0.0000	20.795	413.889	0.000	413.889	0.000
625.38	12.665	0.0000	20.828	413.889	0.000	413.889	0.000
626.379	12.665	0.0000	20.861	413.889	0.000	413.889	0.000
627.378	12.665	0.0000	20.894	413.889	0.000	413.889	0.000
628.376	12.665	0.0000	20.928	413.899	0.000	413.899	0.000
629.374	12.669	0.0000	20.961	414.033	0.000	414.033	0.000
630.373	12.670	0.0000	20.994	414.042	0.000	414.042	0.000
631.374	12.670	0.0000	21.028	414.052	0.000	414.052	0.000
632.373	12.670	0.0000	21.061	414.052	0.000	414.052	0.000
633.37	12.670	0.0000	21.094	414.052	0.000	414.052	0.000
634.37	12.670	0.0000	21.128	414.052	0.000	414.052	0.000
635.37	12.670	0.0000	21.161	414.052	0.000	414.052	0.000
636.369	12.670	0.0000	21.194	414.052	0.000	414.052	0.000
637.368	12.671	0.0000	21.227	414.069	0.000	414.069	0.000
638.366	12.675	0.0000	21.261	414.216	0.000	414.216	0.000
639.365	12.673	0.0000	21.294	414.157	0.000	414.157	0.000
640.365	12.675	0.0000	21.327	414.216	0.000	414.216	0.000
641.364	12.675	0.0000	21.361	414.216	0.000	414.216	0.000
642.363	12.675	0.0000	21.394	414.216	0.000	414.216	0.000
643.362	12.675	0.0000	21.427	414.216	0.000	414.216	0.000
644.361	12.675	0.0000	21.461	414.216	0.000	414.216	0.000
645.36	12.675	0.0000	21.494	414.216	0.000	414.216	0.000
646.358	12.678	0.0000	21.527	414.310	0.000	414.310	0.000
647.357	12.678	0.0000	21.560	414.317	0.000	414.317	0.000
648.357	12.678	0.0000	21.594	414.304	0.000	414.304	0.000
649.356	12.677	0.0000	21.627	414.271	0.000	414.271	0.000
650.355	12.680	0.0000	21.660	414.379	0.000	414.379	0.000
651.354	12.680	0.0000	21.694	414.379	0.000	414.379	0.000
652.351	12.680	0.0000	21.727	414.379	0.000	414.379	0.000
653.351	12.680	0.0000	21.760	414.379	0.000	414.379	0.000
654.351	12.680	0.0000	21.794	414.379	0.000	414.379	0.000
655.35	12.680	0.0000	21.827	414.379	0.000	414.379	0.000
656.348	12.680	0.0000	21.860	414.379	0.000	414.379	0.000
657.348	12.680	0.0000	21.893	414.379	0.000	414.379	0.000
658.346	12.680	0.0000	21.927	414.379	0.000	414.379	0.000
659.346	12.680	0.0000	21.960	414.379	0.000	414.379	0.000
660.344	12.680	0.0000	21.993	414.379	0.000	414.379	0.000
661.343	12.680	0.0000	22.027	414.379	0.000	414.379	0.000
662.341	12.681	0.0000	22.060	414.415	0.000	414.415	0.000
663.342	12.684	0.0000	22.093	414.520	0.000	414.520	0.000
664.34	12.685	0.0000	22.127	414.542	0.000	414.542	0.000
665.339	12.685	0.0000	22.160	414.542	0.000	414.542	0.000
666.338	12.685	0.0000	22.193	414.542	0.000	414.542	0.000
667.337	12.685	0.0000	22.226	414.542	0.000	414.542	0.000
668.337	12.685	0.0000	22.260	414.542	0.000	414.542	0.000
669.336	12.685	0.0000	22.293	414.542	0.000	414.542	0.000
670.334	12.685	0.0000	22.326	414.542	0.000	414.542	0.000
671.334	12.685	0.0000	22.360	414.542	0.000	414.542	0.000
672.333	12.685	0.0000	22.393	414.542	0.000	414.542	0.000
673.332	12.685	0.0000	22.426	414.542	0.000	414.542	0.000
674.331	12.685	0.0000	22.460	414.542	0.000	414.542	0.000
675.33	12.685	0.0000	22.493	414.542	0.000	414.542	0.000
676.329	12.685	0.0000	22.526	414.542	0.000	414.542	0.000
677.328	12.685	0.0000	22.559	414.542	0.000	414.542	0.000
678.327	12.685	0.0000	22.593	414.542	0.000	414.542	0.000
679.326	12.685	0.0000	22.626	414.542	0.000	414.542	0.000
680.325	12.685	0.0000	22.659	414.542	0.000	414.542	0.000
681.324	12.685	0.0000	22.693	414.542	0.000	414.542	0.000
682.323	12.685	0.0000	22.726	414.542	0.000	414.542	0.000
683.321	12.685	0.0000	22.759	414.542	0.000	414.542	0.000
684.32	12.685	0.0000	22.793	414.542	0.000	414.542	0.000
685.32	12.687	0.0000	22.826	414.598	0.000	414.598	0.000
686.319	12.688	0.0000	22.859	414.624	0.000	414.624	0.000
687.318	12.685	0.0000	22.892	414.542	0.000	414.542	0.000
688.318	12.689	0.0000	22.926	414.676	0.000	414.676	0.000
689.316	12.690	0.0000	22.959	414.706	0.000	414.706	0.000
690.315	12.690	0.0000	22.992	414.706	0.000	414.706	0.000
691.315	12.690	0.0000	23.026	414.706	0.000	414.706	0.000
692.312	12.690	0.0000	23.059	414.706	0.000	414.706	0.000
693.312	12.690	0.0000	23.092	414.706	0.000	414.706	0.000
694.311	12.690	0.0000	23.126	414.706	0.000	414.706	0.000
695.31	12.690	0.0000	23.159	414.706	0.000	414.706	0.000
696.309	12.690	0.0000	23.192	414.706	0.000	414.706	0.000
697.307	12.690	0.0000	23.225	414.706	0.000	414.706	0.000
698.307	12.690	0.0000	23.259	414.706	0.000	414.706	0.000
699.306	12.690	0.0000	23.292	414.706	0.000	414.706	0.000
700.305	12.690	0.0000	23.325	414.706	0.000	414.706	0.000
701.304	12.690	0.0000	23.359	414.706	0.000	414.706	0.000
702.303	12.690	0.0000	23.392	414.706	0.000	414.706	0.000
703.302	12.690	0.0000	23.425	414.706	0.000	414.706	0.000
704.302	12.690	0.0000	23.459	414.706	0.000	414.706	0.000
705.301	12.690	0.0000	23.492	414.706	0.000	414.706	0.000
706.3	12.690	0.0000	23.525	414.706	0.000	414.706	0.000
707.298	12.690	0.0000	23.558	414.706	0.000	414.706	0.000
708.297	12.690	0.0000	23.592	414.706	0.000	414.706	0.000
709.296	12.690	0.0000	23.625	414.706	0.000	414.706	0.000
710.295	12.690	0.0000	23.658	414.706	0.000	414.706	0.000
711.293	12.690	0.0000	23.692	414.706	0.000	414.706	0.000
712.293	12.690	0.0000	23.725	414.706	0.000	414.706	0.000
713.292	12.690	0.0000	23.758	414.706	0.000	414.706	0.000
714.291	12.690	0.0000	23.792	414.706	0.000	414.706	0.000
715.29	12.688	0.0000	23.825	414.654	0.000	414.654	0.000
716.289	12.690	0.0000	23.858	414.703	0.000	414.703	0.000
717.288	12.689	0.0000	23.891	414.667	0.000	414.667	0.000
718.288	12.688	0.0000	23.925	414.627	0.000	414.627	0.000
719.286	12.685	0.0000	23.958	414.542	0.000	414.542	0.000
720.285	12.686	0.0000	23.991	414.575	0.000	414.575	0.000
721.285	12.685	0.0000	24.025	414.542	0.000	414.542	0.000
722.283	12.685	0.0000	24.058	414.542	0.000	414.542	0.000
723.282	12.689	0.0000	24.091	414.683	0.000	414.683	0.000
724.282	12.688	0.0000	24.125	414.654	0.000	414.654	0.000
725.28	12.685	0.0000	24.158	414.542	0.000	414.542	0.000
726.279	12.685	0.0000	24.191	414.542	0.000	414.542	0.000
727.279	12.690	0.0000	24.224	414.696	0.000	414.696	0.000
728.277	12.685	0.0000	24.258	414.556	0.000	414.556	0.000
729.276	12.685	0.0000	24.291	414.542	0.000	414.542	0.000
730.275	12.685	0.0000	24.324	414.542	0.000	414.542	0.000
731.274	12.685	0.0000	24.358	414.542	0.000	414.542	0.000
732.273	12.685	0.0000	24.391	414.542	0.000	414.542	0.000
733.272	12.685	0.0000	24.424	414.542	0.000	414.542	0.000
734.272	12.685	0.0000	24.458	414.542	0.000	414.542	0.000
735.271	12.685	0.0000	24.491	414.542	0.000	414.542	0.000
736.269	12.685	0.0000	24.524	414.542	0.000	414.542	0.000
737.269	12.685	0.0000	24.557	414.542	0.000	414.542	0.000
738.268	12.685	0.0000	24.591	414.542	0.000	414.542	0.000
739.266	12.685	0.0000	24.624	414.542	0.000	414.542	0.000
740.266	12.685	0.0000	24.657	414.542	0.000	414.542	0.000
741.265	12.685	0.0000	24.691	414.542	0.000	414.542	0.000
742.262	12.685	0.0000	24.724	414.542	0.000	414.542	0.000
743.262	12.685	0.0000	24.757	414.542	0.000	414.542	0.000
744.261	12.685	0.0000	24.791	414.542	0.000	414.542	0.000
745.26	12.685	0.0000	24.824	414.542	0.000	414.542	0.000
746.259	12.685	0.0000	24.857	414.542	0.000	414.542	0.000
747.258	12.685	0.0000	24.890	414.542	0.000	414.542	0.000
748.256	12.685	0.0000	24.924	414.542	0.000	414.542	0.000
749.257	12.682	0.0000	24.957	414.458	0.000	414.458	0.000
750.256	12.680	0.0000	24.990	414.379	0.000	414.379	0.000
751.255	12.680	0.0000	25.024	414.379	0.000	414.379	0.000
752.254	12.680	0.0000	25.057	414.379	0.000	414.379	0.000
753.253	12.680	0.0000	25.090	414.379	0.000	414.379	0.000
754.251	12.680	0.0000	25.124	414.379	0.000	414.379	0.000
755.25	12.680	0.0000	25.157	414.379	0.000	414.379	0.000
756.249	12.680	0.0000	25.190	414.379	0.000	414.379	0.000
757.249	12.680	0.0000	25.223	414.379	0.000	414.379	0.000
758.248	12.680	0.0000	25.257	414.379	0.000	414.379	0.000
759.246	12.680	0.0000	25.290	414.379	0.000	414.379	0.000
760.246	12.680	0.0000	25.323	414.379	0.000	414.379	0.000
761.245	12.679	0.0000	25.357	414.340	0.000	414.340	0.000
762.244	12.676	0.0000	25.390	414.248	0.000	414.248	0.000
763.243	12.675	0.0000	25.423	414.225	0.000	414.225	0.000
764.242	12.675	0.0000	25.457	414.216	0.000	414.216	0.000
765.24	12.675	0.0000	25.490	414.216	0.000	414.216	0.000
766.24	12.675	0.0000	25.523	414.216	0.000	414.216	0.000
767.239	12.675	0.0000	25.556	414.216	0.000	414.216	0.000
768.237	12.675	0.0000	25.590	414.216	0.000	414.216	0.000
769.236	12.675	0.0000	25.623	414.216	0.000	414.216	0.000
770.235	12.675	0.0000	25.656	414.216	0.000	414.216	0.000
771.234	12.674	0.0000	25.690	414.170	0.000	414.170	0.000
772.233	12.670	0.0000	25.723	414.052	0.000	414.052	0.000
773.232	12.670	0.0000	25.756	414.052	0.000	414.052	0.000
774.232	12.670	0.0000	25.790	414.052	0.000	414.052	0.000
775.228	12.670	0.0000	25.823	414.052	0.000	414.052	0.000
776.229	12.670	0.0000	25.856	414.052	0.000	414.052	0.000
777.228	12.670	0.0000	25.889	414.052	0.000	414.052	0.000
778.227	12.670	0.0000	25.923	414.052	0.000	414.052	0.000
779.227	12.667	0.0000	25.956	413.954	0.000	413.954	0.000
780.223	12.665	0.0000	25.989	413.889	0.000	413.889	0.000
781.225	12.665	0.0000	26.023	413.889	0.000	413.889	0.000
782.223	12.665	0.0000	26.056	413.889	0.000	413.889	0.000
783.222	12.665	0.0000	26.089	413.889	0.000	413.889	0.000
784.221	12.665	0.0000	26.123	413.889	0.000	413.889	0.000
785.222	12.665	0.0000	26.156	413.889	0.000	413.889	0.000
786.219	12.665	0.0000	26.189	413.889	0.000	413.889	0.000
787.218	12.665	0.0000	26.222	413.889	0.000	413.889	0.000
788.218	12.663	0.0000	26.256	413.830	0.000	413.830	0.000
789.215	12.660	0.0000	26.289	413.725	0.000	413.725	0.000
790.216	12.660	0.0000	26.322	413.725	0.000	413.725	0.000
791.215	12.660	0.0000	26.356	413.725	0.000	413.725	0.000
792.212	12.660	0.0000	26.389	413.725	0.000	413.725	0.000
793.212	12.660	0.0000	26.422	413.725	0.000	413.725	0.000
794.211	12.660	0.0000	26.456	413.725	0.000	413.725	0.000
795.211	12.655	0.0000	26.489	413.565	0.000	413.565	0.000
796.209	12.655	0.0000	26.522	413.562	0.000	413.562	0.000
797.207	12.655	0.0000	26.555	413.562	0.000	413.562	0.000
798.207	12.655	0.0000	26.589	413.562	0.000	413.562	0.000
799.206	12.653	0.0000	26.622	413.500	0.000	413.500	0.000
800.206	12.650	0.0000	26.655	413.399	0.000	413.399	0.000
801.205	12.650	0.0000	26.689	413.399	0.000	413.399	0.000
802.204	12.650	0.0000	26.722	413.399	0.000	413.399	0.000
803.202	12.650	0.0000	26.755	413.399	0.000	413.399	0.000
804.201	12.650	0.0000	26.789	413.399	0.000	413.399	0.000
805.201	12.646	0.0000	26.822	413.252	0.000	413.252	0.000
806.2	12.645	0.0000	26.855	413.235	0.000	413.235	0.000
807.199	12.645	0.0000	26.888	413.235	0.000	413.235	0.000
808.198	12.645	0.0000	26.922	413.235	0.000	413.235	0.000
809.198	12.645	0.0000	26.955	413.235	0.000	413.235	0.000
810.196	12.641	0.0000	26.988	413.095	0.000	413.095	0.000
811.196	12.640	0.0000	27.022	413.072	0.000	413.072	0.000
812.194	12.640	0.0000	27.055	413.072	0.000	413.072	0.000
813.192	12.640	0.0000	27.088	413.072	0.000	413.072	0.000
814.192	12.636	0.0000	27.122	412.948	0.000	412.948	0.000
815.189	12.635	0.0000	27.155	412.908	0.000	412.908	0.000
816.189	12.635	0.0000	27.188	412.908	0.000	412.908	0.000
817.189	12.633	0.0000	27.221	412.827	0.000	412.827	0.000
818.186	12.630	0.0000	27.255	412.745	0.000	412.745	0.000
819.187	12.630	0.0000	27.288	412.745	0.000	412.745	0.000
820.184	12.629	0.0000	27.321	412.719	0.000	412.719	0.000
821.184	12.625	0.0000	27.355	412.582	0.000	412.582	0.000
822.183	12.625	0.0000	27.388	412.582	0.000	412.582	0.000
823.183	12.625	0.0000	27.421	412.582	0.000	412.582	0.000
824.182	12.622	0.0000	27.455	412.487	0.000	412.487	0.000
825.18	12.620	0.0000	27.488	412.418	0.000	412.418	0.000
826.179	12.620	0.0000	27.521	412.418	0.000	412.418	0.000
827.18	12.617	0.0000	27.554	412.304	0.000	412.304	0.000
828.178	12.615	0.0000	27.588	412.255	0.000	412.255	0.000
829.178	12.615	0.0000	27.621	412.255	0.000	412.255	0.000
830.176	12.611	0.0000	27.654	412.118	0.000	412.118	0.000
831.175	12.610	0.0000	27.688	412.091	0.000	412.091	0.000
832.172	12.608	0.0000	27.721	412.033	0.000	412.033	0.000
833.172	12.605	0.0000	27.754	411.928	0.000	411.928	0.000
834.173	12.605	0.0000	27.788	411.928	0.000	411.928	0.000
835.171	12.602	0.0000	27.821	411.843	0.000	411.843	0.000
836.168	12.600	0.0000	27.854	411.765	0.000	411.765	0.000
837.169	12.599	0.0000	27.887	411.745	0.000	411.745	0.000
838.168	12.595	0.0000	27.921	411.601	0.000	411.601	0.000
839.168	12.595	0.0000	27.954	411.601	0.000	411.601	0.000
840.166	12.591	0.0000	27.987	411.477	0.000	411.477	0.000
841.163	12.590	0.0000	28.021	411.438	0.000	411.438	0.000
842.163	12.586	0.0000	28.054	411.297	0.000	411.297	0.000
843.164	12.585	0.0000	28.087	411.275	0.000	411.275	0.000
844.163	12.582	0.0000	28.121	411.160	0.000	411.160	0.000
845.161	12.580	0.0000	28.154	411.111	0.000	411.111	0.000
846.161	12.576	0.0000	28.187	410.984	0.000	410.984	0.000
847.158	12.575	0.0000	28.220	410.948	0.000	410.948	0.000
848.159	12.572	0.0000	28.254	410.837	0.000	410.837	0.000
849.157	12.570	0.0000	28.287	410.784	0.000	410.784	0.000
850.156	12.565	0.0000	28.320	410.621	0.000	410.621	0.000
851.156	12.564	0.0000	28.354	410.582	0.000	410.582	0.000
852.155	12.560	0.0000	28.387	410.458	0.000	410.458	0.000
853.153	12.558	0.0000	28.420	410.376	0.000	410.376	0.000
854.152	12.554	0.0000	28.454	410.275	0.000	410.275	0.000
855.152	12.550	0.0000	28.487	410.131	0.000	410.131	0.000
856.15	12.547	0.0000	28.520	410.029	0.000	410.029	0.000
857.148	12.544	0.0000	28.553	409.941	0.000	409.941	0.000
858.148	12.540	0.0000	28.587	409.804	0.000	409.804	0.000
859.146	12.535	0.0000	28.620	409.647	0.000	409.647	0.000
860.145	12.532	0.0000	28.653	409.552	0.000	409.552	0.000
861.145	12.530	0.0000	28.687	409.467	0.000	409.467	0.000
862.144	12.525	0.0000	28.720	409.314	0.000	409.314	0.000
863.142	12.521	0.0000	28.753	409.170	0.000	409.170	0.000
864.142	12.518	0.0000	28.787	409.078	0.000	409.078	0.000
865.142	12.514	0.0000	28.820	408.954	0.000	408.954	0.000
866.14	12.510	0.0000	28.853	408.814	0.000	408.814	0.000
867.138	12.505	0.0000	28.886	408.660	0.000	408.660	0.000
868.138	12.500	0.0000	28.920	408.503	0.000	408.503	0.000
869.138	12.497	0.0000	28.953	408.405	0.000	408.405	0.000
870.137	12.493	0.0000	28.986	408.252	0.000	408.252	0.000
871.135	12.487	0.0000	29.020	408.065	0.000	408.065	0.000
872.134	12.483	0.0000	29.053	407.935	0.000	407.935	0.000
873.133	12.478	0.0000	29.086	407.775	0.000	407.775	0.000
874.132	12.473	0.0000	29.120	407.598	0.000	407.598	0.000
875.131	12.468	0.0000	29.153	407.441	0.000	407.441	0.000
876.13	12.462	0.0000	29.186	407.268	0.000	407.268	0.000
877.128	12.457	0.0000	29.219	407.085	0.000	407.085	0.000
878.129	12.452	0.0000	29.253	406.918	0.000	406.918	0.000
879.128	12.446	0.0000	29.286	406.745	0.000	406.745	0.000
880.126	12.440	0.0000	29.319	406.549	0.000	406.549	0.000
881.127	12.435	0.0000	29.353	406.366	0.000	406.366	0.000
882.124	12.429	0.0000	29.386	406.167	0.000	406.167	0.000
883.123	12.423	0.0000	29.419	405.964	0.000	405.964	0.000
884.12	12.417	0.0000	29.453	405.778	0.000	405.778	0.000
885.122	12.411	0.0000	29.486	405.591	0.000	405.591	0.000
886.12	12.405	0.0000	29.519	405.382	0.000	405.382	0.000
887.117	12.398	0.0000	29.552	405.160	0.000	405.160	0.000
888.119	12.392	0.0000	29.586	404.961	0.000	404.961	0.000
889.117	12.384	0.0000	29.619	404.699	0.000	404.699	0.000
890.115	12.377	0.0000	29.652	404.480	0.000	404.480	0.000
891.114	12.370	0.0000	29.686	404.248	0.000	404.248	0.000
892.114	12.363	0.0000	29.719	404.003	0.000	404.003	0.000
893.115	12.355	0.0000	29.752	403.761	0.000	403.761	0.000
894.113	12.348	0.0000	29.786	403.523	0.000	403.523	0.000
895.11	12.341	0.0000	29.819	403.304	0.000	403.304	0.000
896.109	12.332	0.0000	29.852	403.016	0.000	403.016	0.000
897.11	12.324	0.0000	29.885	402.745	0.000	402.745	0.000
898.107	12.316	0.0000	29.919	402.497	0.000	402.497	0.000
899.106	12.308	0.0000	29.952	402.209	0.000	402.209	0.000
900.106	12.299	0.0000	29.985	401.912	0.000	401.912	0.000
901.104	12.290	0.0000	30.019	401.647	0.000	401.647	0.000
902.105	12.281	0.0000	30.052	401.350	0.000	401.350	0.000
903.104	12.272	0.0000	30.085	401.033	0.000	401.033	0.000
904.102	12.262	0.0000	30.119	400.729	0.000	400.729	0.000
905.102	12.253	0.0000	30.152	400.408	0.000	400.408	0.000
906.102	12.243	0.0000	30.185	400.082	0.000	400.082	0.000
907.1	12.233	0.0000	30.218	399.768	0.000	399.768	0.000
908.099	12.223	0.0000	30.252	399.444	0.000	399.444	0.000
909.097	12.212	0.0000	30.285	399.078	0.000	399.078	0.000
910.096	12.201	0.0000	30.318	398.735	0.000	398.735	0.000
911.096	12.191	0.0000	30.352	398.389	0.000	398.389	0.000
912.095	12.180	0.0000	30.385	398.026	0.000	398.026	0.000
913.092	12.168	0.0000	30.418	397.650	0.000	397.650	0.000
914.093	12.156	0.0000	30.452	397.248	0.000	397.248	0.000
915.09	12.144	0.0000	30.485	396.846	0.000	396.846	0.000
916.092	12.131	0.0000	30.518	396.441	0.000	396.441	0.000
917.091	12.119	0.0000	30.551	396.059	0.000	396.059	0.000
918.088	12.105	0.0000	30.585	395.601	0.000	395.601	0.000
919.089	12.092	0.0000	30.618	395.163	0.000	395.163	0.000
920.086	12.079	0.0000	30.651	394.725	0.000	394.725	0.000
921.086	12.065	0.0000	30.685	394.281	0.000	394.281	0.000
922.084	12.050	0.0000	30.718	393.801	0.000	393.801	0.000
923.082	12.036	0.0000	30.751	393.317	0.000	393.317	0.000
924.082	12.021	0.0000	30.785	392.833	0.000	392.833	0.000
925.081	12.004	0.0000	30.818	392.294	0.000	392.294	0.000
926.08	11.988	0.0000	30.851	391.755	0.000	391.755	0.000
927.079	11.971	0.0000	30.885	391.206	0.000	391.206	0.000
928.079	11.953	0.0000	30.918	390.608	0.000	390.608	0.000
929.078	11.934	0.0000	30.951	389.987	0.000	389.987	0.000
930.076	11.914	0.0000	30.984	389.343	0.000	389.343	0.000
931.075	11.894	0.0000	31.018	388.680	0.000	388.680	0.000
932.074	11.871	0.0000	31.051	387.938	0.000	387.938	0.000
933.074	11.847	0.0000	31.084	387.154	0.000	387.154	0.000
934.072	11.822	0.0000	31.118	386.330	0.000	386.330	0.000
935.071	11.795	0.0000	31.151	385.444	0.000	385.444	0.000
936.07	11.765	0.0000	31.184	384.480	0.000	384.480	0.000
937.071	11.733	0.0000	31.218	383.441	0.000	383.441	0.000
938.069	11.698	0.0000	31.251	382.281	0.000	382.281	0.000
939.068	11.658	0.0000	31.284	380.990	0.000	380.990	0.000
940.067	11.615	0.0000	31.317	379.569	0.000	379.569	0.000
941.064	11.567	0.0000	31.351	377.993	0.000	377.993	0.000
942.065	11.513	0.0000	31.384	376.239	0.000	376.239	0.000
943.063	11.453	0.0000	31.417	374.265	0.000	374.265	0.000
944.061	11.386	0.0000	31.451	372.091	0.000	372.091	0.000
945.063	11.312	0.0000	31.484	369.676	0.000	369.676	0.000
946.061	11.229	0.0000	31.517	366.974	0.000	366.974	0.000
947.059	11.136	0.0000	31.551	363.931	0.000	363.931	0.000
948.059	11.033	0.0000	31.584	360.559	0.000	360.559	0.000
949.059	10.917	0.0000	31.617	356.765	0.000	356.765	0.000
950.057	10.786	0.0000	31.650	352.497	0.000	352.497	0.000
951.057	10.640	0.0000	31.684	347.706	0.000	347.706	0.000
952.053	10.471	0.0000	31.717	342.180	0.000	342.180	0.000
953.054	10.275	0.0000	31.750	335.778	0.000	335.778	0.000
954.054	10.045	0.0000	31.784	328.252	0.000	328.252	0.000
955.053	9.758	0.0000	31.817	318.889	0.000	318.889	0.000
956.049	9.372	0.0000	31.850	306.258	0.000	306.258	0.000
