Customer	SGCC_1.5
TestDate	4/4/2026
Coil No/Packet No	45-02
Type	Flat
Size(mm)	20*1.53
So(mm^2)	30.60
Lo(mm)	85
Lu(mm)	
A(%)	/
Su(mm^2)	/
Z(%)	/
Fm(kgf)	1018.0
Rm(MPa)	303
FeH(kgf)	/
ReH(MPa)	/
FeL(kgf)	/
ReL(MPa)	/
Fp(kgf)	3.181
Rp(MPa)	1
Ft(kgf)	/
Rt(MPa)	/
E(GPa)	/


-----------Curve----------
Time	Load	Elong	Disp	Stress	Strain	TrueStress	TrueStrain
0	0.029	0.0000	0.002	0.938	0.000	0.938	0.000
0.997	0.336	0.0000	0.018	10.990	0.000	10.990	0.000
1.998	0.878	0.0000	0.048	28.699	0.000	28.699	0.000
2.996	1.441	0.0000	0.082	47.098	0.000	47.098	0.000
3.995	1.898	0.0000	0.115	62.039	0.000	62.039	0.000
4.994	2.287	0.0000	0.148	74.722	0.000	74.722	0.000
5.993	2.659	0.0000	0.182	86.908	0.000	86.908	0.000
6.991	3.024	0.0000	0.215	98.833	0.000	98.833	0.000
7.991	3.379	0.0000	0.248	110.412	0.000	110.412	0.000
8.991	3.724	0.0000	0.282	121.693	0.000	121.693	0.000
9.989	4.058	0.0000	0.315	132.614	0.000	132.614	0.000
10.988	4.385	0.0000	0.348	143.291	0.000	143.291	0.000
11.988	4.703	0.0000	0.381	153.680	0.000	153.680	0.000
12.984	5.016	0.0000	0.415	163.925	0.000	163.925	0.000
13.985	5.328	0.0000	0.448	174.114	0.000	174.114	0.000
14.984	5.641	0.0000	0.481	184.337	0.000	184.337	0.000
15.983	5.950	0.0000	0.515	194.451	0.000	194.451	0.000
16.983	6.264	0.0000	0.548	204.703	0.000	204.703	0.000
17.981	6.574	0.0000	0.581	214.846	0.000	214.846	0.000
18.981	6.880	0.0000	0.615	224.846	0.000	224.846	0.000
19.979	7.175	0.0000	0.648	234.474	0.000	234.474	0.000
20.979	7.372	0.0000	0.681	240.902	0.000	240.902	0.000
21.979	7.583	0.0000	0.714	247.824	0.000	247.824	0.000
22.977	7.782	0.0000	0.748	254.301	0.000	254.301	0.000
23.974	7.956	0.0000	0.781	259.990	0.000	259.990	0.000
24.975	8.110	0.0000	0.814	265.042	0.000	265.042	0.000
25.974	8.002	0.0000	0.848	261.497	0.000	261.497	0.000
26.973	7.866	0.0000	0.881	257.059	0.000	257.059	0.000
27.971	7.709	0.0000	0.914	251.918	0.000	251.918	0.000
28.971	7.556	0.0000	0.948	246.918	0.000	246.918	0.000
29.968	7.485	0.0000	0.981	244.605	0.000	244.605	0.000
30.967	7.475	0.0000	1.014	244.281	0.000	244.281	0.000
31.966	7.480	0.0000	1.047	244.435	0.000	244.435	0.000
32.966	7.485	0.0000	1.081	244.601	0.000	244.601	0.000
33.967	7.482	0.0000	1.114	244.513	0.000	244.513	0.000
34.965	7.494	0.0000	1.147	244.889	0.000	244.889	0.000
35.964	7.512	0.0000	1.181	245.490	0.000	245.490	0.000
36.963	7.539	0.0000	1.214	246.363	0.000	246.363	0.000
37.96	7.561	0.0000	1.247	247.098	0.000	247.098	0.000
38.96	7.569	0.0000	1.281	247.346	0.000	247.346	0.000
39.96	7.576	0.0000	1.314	247.598	0.000	247.598	0.000
40.958	7.583	0.0000	1.347	247.804	0.000	247.804	0.000
41.957	7.596	0.0000	1.380	248.219	0.000	248.219	0.000
42.957	7.609	0.0000	1.414	248.663	0.000	248.663	0.000
43.957	7.621	0.0000	1.447	249.042	0.000	249.042	0.000
44.954	7.622	0.0000	1.480	249.088	0.000	249.088	0.000
45.955	7.589	0.0000	1.514	248.013	0.000	248.013	0.000
46.951	7.565	0.0000	1.547	247.229	0.000	247.229	0.000
47.951	7.560	0.0000	1.580	247.059	0.000	247.059	0.000
48.951	7.567	0.0000	1.614	247.301	0.000	247.301	0.000
49.949	7.584	0.0000	1.647	247.830	0.000	247.830	0.000
50.95	7.603	0.0000	1.680	248.458	0.000	248.458	0.000
51.948	7.620	0.0000	1.713	249.026	0.000	249.026	0.000
52.945	7.633	0.0000	1.747	249.438	0.000	249.438	0.000
53.945	7.640	0.0000	1.780	249.673	0.000	249.673	0.000
54.944	7.640	0.0000	1.813	249.673	0.000	249.673	0.000
55.944	7.640	0.0000	1.847	249.690	0.000	249.690	0.000
56.943	7.653	0.0000	1.880	250.088	0.000	250.088	0.000
57.941	7.667	0.0000	1.913	250.556	0.000	250.556	0.000
58.942	7.678	0.0000	1.947	250.922	0.000	250.922	0.000
59.939	7.680	0.0000	1.980	250.984	0.000	250.984	0.000
60.94	7.681	0.0000	2.013	251.016	0.000	251.016	0.000
61.939	7.675	0.0000	2.046	250.810	0.000	250.810	0.000
62.937	7.652	0.0000	2.080	250.078	0.000	250.078	0.000
63.936	7.634	0.0000	2.113	249.467	0.000	249.467	0.000
64.935	7.621	0.0000	2.146	249.036	0.000	249.036	0.000
65.935	7.611	0.0000	2.180	248.716	0.000	248.716	0.000
66.934	7.599	0.0000	2.213	248.324	0.000	248.324	0.000
67.931	7.588	0.0000	2.246	247.971	0.000	247.971	0.000
68.931	7.590	0.0000	2.280	248.039	0.000	248.039	0.000
69.931	7.590	0.0000	2.313	248.039	0.000	248.039	0.000
70.928	7.590	0.0000	2.346	248.049	0.000	248.049	0.000
71.927	7.596	0.0000	2.379	248.222	0.000	248.222	0.000
72.928	7.579	0.0000	2.413	247.663	0.000	247.663	0.000
73.925	7.560	0.0000	2.446	247.059	0.000	247.059	0.000
74.925	7.568	0.0000	2.479	247.324	0.000	247.324	0.000
75.924	7.581	0.0000	2.513	247.742	0.000	247.742	0.000
76.924	7.594	0.0000	2.546	248.176	0.000	248.176	0.000
77.921	7.599	0.0000	2.579	248.330	0.000	248.330	0.000
78.922	7.507	0.0000	2.613	245.327	0.000	245.327	0.000
79.919	7.385	0.0000	2.646	241.327	0.000	241.327	0.000
80.919	7.379	0.0000	2.679	241.144	0.000	241.144	0.000
81.917	7.386	0.0000	2.712	241.363	0.000	241.363	0.000
82.917	7.400	0.0000	2.746	241.843	0.000	241.843	0.000
83.916	7.417	0.0000	2.779	242.395	0.000	242.395	0.000
84.916	7.416	0.0000	2.812	242.346	0.000	242.346	0.000
85.915	7.394	0.0000	2.846	241.634	0.000	241.634	0.000
86.913	7.379	0.0000	2.879	241.157	0.000	241.157	0.000
87.912	7.372	0.0000	2.912	240.925	0.000	240.925	0.000
88.911	7.365	0.0000	2.946	240.699	0.000	240.699	0.000
89.911	7.369	0.0000	2.979	240.817	0.000	240.817	0.000
90.909	7.381	0.0000	3.012	241.209	0.000	241.209	0.000
91.907	7.394	0.0000	3.046	241.634	0.000	241.634	0.000
92.907	7.405	0.0000	3.079	242.007	0.000	242.007	0.000
93.907	7.410	0.0000	3.112	242.154	0.000	242.154	0.000
94.904	7.411	0.0000	3.145	242.199	0.000	242.199	0.000
95.905	7.387	0.0000	3.179	241.402	0.000	241.402	0.000
96.901	7.350	0.0000	3.212	240.203	0.000	240.203	0.000
97.903	7.357	0.0000	3.245	240.418	0.000	240.418	0.000
98.902	7.368	0.0000	3.279	240.784	0.000	240.784	0.000
99.9	7.374	0.0000	3.312	240.980	0.000	240.980	0.000
100.9	7.379	0.0000	3.345	241.134	0.000	241.134	0.000
101.899	7.375	0.0000	3.379	241.003	0.000	241.003	0.000
102.897	7.366	0.0000	3.412	240.732	0.000	240.732	0.000
103.897	7.360	0.0000	3.445	240.510	0.000	240.510	0.000
104.895	7.359	0.0000	3.478	240.490	0.000	240.490	0.000
105.894	7.380	0.0000	3.512	241.190	0.000	241.190	0.000
106.892	7.404	0.0000	3.545	241.954	0.000	241.954	0.000
107.891	7.427	0.0000	3.578	242.712	0.000	242.712	0.000
108.892	7.426	0.0000	3.612	242.667	0.000	242.667	0.000
109.891	7.371	0.0000	3.645	240.895	0.000	240.895	0.000
110.89	7.351	0.0000	3.678	240.232	0.000	240.232	0.000
111.889	7.346	0.0000	3.712	240.069	0.000	240.069	0.000
112.887	7.358	0.0000	3.745	240.458	0.000	240.458	0.000
113.887	7.377	0.0000	3.778	241.078	0.000	241.078	0.000
114.886	7.393	0.0000	3.811	241.585	0.000	241.585	0.000
115.885	7.400	0.0000	3.845	241.814	0.000	241.814	0.000
116.884	7.402	0.0000	3.878	241.908	0.000	241.908	0.000
117.882	7.412	0.0000	3.911	242.219	0.000	242.219	0.000
118.882	7.417	0.0000	3.945	242.399	0.000	242.399	0.000
119.88	7.420	0.0000	3.978	242.484	0.000	242.484	0.000
120.879	7.424	0.0000	4.011	242.608	0.000	242.608	0.000
121.879	7.422	0.0000	4.045	242.536	0.000	242.536	0.000
122.878	7.414	0.0000	4.078	242.281	0.000	242.281	0.000
123.877	7.400	0.0000	4.111	241.820	0.000	241.820	0.000
124.876	7.405	0.0000	4.144	242.003	0.000	242.003	0.000
125.875	7.432	0.0000	4.178	242.879	0.000	242.879	0.000
126.874	7.459	0.0000	4.211	243.748	0.000	243.748	0.000
127.871	7.476	0.0000	4.244	244.307	0.000	244.307	0.000
128.873	7.494	0.0000	4.278	244.899	0.000	244.899	0.000
129.871	7.492	0.0000	4.311	244.840	0.000	244.840	0.000
130.869	7.475	0.0000	4.344	244.281	0.000	244.281	0.000
131.869	7.453	0.0000	4.378	243.549	0.000	243.549	0.000
132.868	7.450	0.0000	4.411	243.464	0.000	243.464	0.000
133.865	7.448	0.0000	4.444	243.405	0.000	243.405	0.000
134.866	7.458	0.0000	4.477	243.709	0.000	243.709	0.000
135.863	7.455	0.0000	4.511	243.611	0.000	243.611	0.000
136.865	7.364	0.0000	4.544	240.647	0.000	240.647	0.000
137.862	7.336	0.0000	4.577	239.739	0.000	239.739	0.000
138.862	7.355	0.0000	4.611	240.356	0.000	240.356	0.000
139.862	7.379	0.0000	4.644	241.137	0.000	241.137	0.000
140.86	7.396	0.0000	4.677	241.686	0.000	241.686	0.000
141.859	7.410	0.0000	4.711	242.144	0.000	242.144	0.000
142.858	7.425	0.0000	4.744	242.654	0.000	242.654	0.000
143.857	7.431	0.0000	4.777	242.846	0.000	242.846	0.000
144.856	7.415	0.0000	4.810	242.314	0.000	242.314	0.000
145.854	7.381	0.0000	4.844	241.212	0.000	241.212	0.000
146.853	7.375	0.0000	4.877	241.013	0.000	241.013	0.000
147.853	7.378	0.0000	4.910	241.105	0.000	241.105	0.000
148.853	7.377	0.0000	4.944	241.065	0.000	241.065	0.000
149.851	7.370	0.0000	4.977	240.856	0.000	240.856	0.000
150.85	7.380	0.0000	5.010	241.170	0.000	241.170	0.000
151.85	7.391	0.0000	5.044	241.539	0.000	241.539	0.000
152.849	7.395	0.0000	5.077	241.667	0.000	241.667	0.000
153.847	7.407	0.0000	5.110	242.065	0.000	242.065	0.000
154.847	7.431	0.0000	5.143	242.833	0.000	242.833	0.000
155.845	7.450	0.0000	5.177	243.454	0.000	243.454	0.000
156.845	7.455	0.0000	5.210	243.627	0.000	243.627	0.000
157.842	7.463	0.0000	5.243	243.876	0.000	243.876	0.000
158.842	7.468	0.0000	5.277	244.046	0.000	244.046	0.000
159.842	7.470	0.0000	5.310	244.118	0.000	244.118	0.000
160.84	7.466	0.0000	5.343	243.980	0.000	243.980	0.000
161.84	7.456	0.0000	5.377	243.663	0.000	243.663	0.000
162.839	7.438	0.0000	5.410	243.056	0.000	243.056	0.000
163.836	7.406	0.0000	5.443	242.010	0.000	242.010	0.000
164.837	7.387	0.0000	5.476	241.412	0.000	241.412	0.000
165.834	7.384	0.0000	5.510	241.324	0.000	241.324	0.000
166.835	7.387	0.0000	5.543	241.389	0.000	241.389	0.000
167.834	7.383	0.0000	5.576	241.278	0.000	241.278	0.000
168.832	7.401	0.0000	5.610	241.856	0.000	241.856	0.000
169.832	7.407	0.0000	5.643	242.065	0.000	242.065	0.000
170.831	7.266	0.0000	5.676	237.458	0.000	237.458	0.000
171.83	7.242	0.0000	5.710	236.667	0.000	236.667	0.000
172.829	7.250	0.0000	5.743	236.925	0.000	236.925	0.000
173.825	7.262	0.0000	5.776	237.337	0.000	237.337	0.000
174.827	7.276	0.0000	5.809	237.768	0.000	237.768	0.000
175.826	7.258	0.0000	5.843	237.173	0.000	237.173	0.000
176.824	7.242	0.0000	5.876	236.667	0.000	236.667	0.000
177.823	7.254	0.0000	5.909	237.065	0.000	237.065	0.000
178.822	7.267	0.0000	5.943	237.497	0.000	237.497	0.000
179.822	7.280	0.0000	5.976	237.915	0.000	237.915	0.000
180.82	7.250	0.0000	6.009	236.925	0.000	236.925	0.000
181.819	7.200	0.0000	6.043	235.278	0.000	235.278	0.000
182.819	7.200	0.0000	6.076	235.301	0.000	235.301	0.000
183.818	7.210	0.0000	6.109	235.634	0.000	235.634	0.000
184.816	7.225	0.0000	6.142	236.114	0.000	236.114	0.000
185.816	7.242	0.0000	6.176	236.650	0.000	236.650	0.000
186.814	7.261	0.0000	6.209	237.284	0.000	237.284	0.000
187.814	7.278	0.0000	6.242	237.850	0.000	237.850	0.000
188.812	7.297	0.0000	6.276	238.448	0.000	238.448	0.000
189.812	7.321	0.0000	6.309	239.252	0.000	239.252	0.000
190.81	7.349	0.0000	6.342	240.154	0.000	240.154	0.000
191.809	7.376	0.0000	6.376	241.033	0.000	241.033	0.000
192.809	7.404	0.0000	6.409	241.954	0.000	241.954	0.000
193.807	7.434	0.0000	6.442	242.925	0.000	242.925	0.000
194.805	7.463	0.0000	6.475	243.882	0.000	243.882	0.000
195.805	7.492	0.0000	6.509	244.830	0.000	244.830	0.000
196.805	7.519	0.0000	6.542	245.716	0.000	245.716	0.000
197.803	7.546	0.0000	6.575	246.598	0.000	246.598	0.000
198.802	7.573	0.0000	6.609	247.493	0.000	247.493	0.000
199.802	7.599	0.0000	6.642	248.327	0.000	248.327	0.000
200.801	7.620	0.0000	6.675	249.013	0.000	249.013	0.000
201.8	7.648	0.0000	6.709	249.944	0.000	249.944	0.000
202.799	7.675	0.0000	6.742	250.814	0.000	250.814	0.000
203.798	7.700	0.0000	6.775	251.641	0.000	251.641	0.000
204.796	7.725	0.0000	6.808	252.451	0.000	252.451	0.000
205.794	7.748	0.0000	6.842	253.196	0.000	253.196	0.000
206.794	7.770	0.0000	6.875	253.918	0.000	253.918	0.000
207.793	7.791	0.0000	6.908	254.598	0.000	254.598	0.000
208.792	7.811	0.0000	6.942	255.248	0.000	255.248	0.000
209.792	7.830	0.0000	6.975	255.882	0.000	255.882	0.000
210.792	7.850	0.0000	7.008	256.546	0.000	256.546	0.000
211.79	7.869	0.0000	7.042	257.157	0.000	257.157	0.000
212.789	7.886	0.0000	7.075	257.719	0.000	257.719	0.000
213.788	7.902	0.0000	7.108	258.225	0.000	258.225	0.000
214.787	7.917	0.0000	7.141	258.732	0.000	258.732	0.000
215.786	7.932	0.0000	7.175	259.212	0.000	259.212	0.000
216.785	7.945	0.0000	7.208	259.641	0.000	259.641	0.000
217.784	7.958	0.0000	7.241	260.082	0.000	260.082	0.000
218.783	7.971	0.0000	7.275	260.500	0.000	260.500	0.000
219.782	7.984	0.0000	7.308	260.908	0.000	260.908	0.000
220.781	7.996	0.0000	7.341	261.294	0.000	261.294	0.000
221.78	8.007	0.0000	7.375	261.660	0.000	261.660	0.000
222.779	8.018	0.0000	7.408	262.026	0.000	262.026	0.000
223.779	8.029	0.0000	7.441	262.376	0.000	262.376	0.000
224.777	8.039	0.0000	7.474	262.703	0.000	262.703	0.000
225.776	8.049	0.0000	7.508	263.023	0.000	263.023	0.000
226.775	8.058	0.0000	7.541	263.327	0.000	263.327	0.000
227.774	8.067	0.0000	7.574	263.641	0.000	263.641	0.000
228.773	8.077	0.0000	7.608	263.954	0.000	263.954	0.000
229.772	8.086	0.0000	7.641	264.235	0.000	264.235	0.000
230.771	8.094	0.0000	7.674	264.507	0.000	264.507	0.000
231.77	8.103	0.0000	7.708	264.788	0.000	264.788	0.000
232.769	8.111	0.0000	7.741	265.075	0.000	265.075	0.000
233.769	8.120	0.0000	7.774	265.346	0.000	265.346	0.000
234.767	8.128	0.0000	7.807	265.605	0.000	265.605	0.000
235.766	8.136	0.0000	7.841	265.873	0.000	265.873	0.000
236.766	8.143	0.0000	7.874	266.121	0.000	266.121	0.000
237.764	8.152	0.0000	7.907	266.412	0.000	266.412	0.000
238.764	8.160	0.0000	7.941	266.660	0.000	266.660	0.000
239.762	8.168	0.0000	7.974	266.915	0.000	266.915	0.000
240.762	8.174	0.0000	8.007	267.121	0.000	267.121	0.000
241.76	8.182	0.0000	8.041	267.399	0.000	267.399	0.000
242.759	8.189	0.0000	8.074	267.621	0.000	267.621	0.000
243.758	8.197	0.0000	8.107	267.869	0.000	267.869	0.000
244.757	8.204	0.0000	8.140	268.091	0.000	268.091	0.000
245.756	8.212	0.0000	8.174	268.369	0.000	268.369	0.000
246.755	8.219	0.0000	8.207	268.582	0.000	268.582	0.000
247.755	8.226	0.0000	8.240	268.817	0.000	268.817	0.000
248.754	8.233	0.0000	8.274	269.042	0.000	269.042	0.000
249.753	8.240	0.0000	8.307	269.288	0.000	269.288	0.000
250.752	8.247	0.0000	8.340	269.516	0.000	269.516	0.000
251.75	8.253	0.0000	8.374	269.719	0.000	269.719	0.000
252.75	8.261	0.0000	8.407	269.961	0.000	269.961	0.000
253.749	8.267	0.0000	8.440	270.176	0.000	270.176	0.000
254.746	8.274	0.0000	8.473	270.395	0.000	270.395	0.000
255.746	8.281	0.0000	8.507	270.627	0.000	270.627	0.000
256.746	8.287	0.0000	8.540	270.814	0.000	270.814	0.000
257.744	8.293	0.0000	8.573	271.023	0.000	271.023	0.000
258.743	8.301	0.0000	8.607	271.265	0.000	271.265	0.000
259.743	8.307	0.0000	8.640	271.480	0.000	271.480	0.000
260.742	8.313	0.0000	8.673	271.680	0.000	271.680	0.000
261.741	8.320	0.0000	8.707	271.882	0.000	271.882	0.000
262.74	8.327	0.0000	8.740	272.111	0.000	272.111	0.000
263.739	8.333	0.0000	8.773	272.320	0.000	272.320	0.000
264.737	8.339	0.0000	8.806	272.526	0.000	272.526	0.000
265.736	8.346	0.0000	8.840	272.732	0.000	272.732	0.000
266.736	8.351	0.0000	8.873	272.915	0.000	272.915	0.000
267.733	8.357	0.0000	8.906	273.108	0.000	273.108	0.000
268.734	8.363	0.0000	8.940	273.310	0.000	273.310	0.000
269.732	8.370	0.0000	8.973	273.523	0.000	273.523	0.000
270.73	8.376	0.0000	9.006	273.732	0.000	273.732	0.000
271.73	8.382	0.0000	9.040	273.931	0.000	273.931	0.000
272.73	8.388	0.0000	9.073	274.118	0.000	274.118	0.000
273.729	8.394	0.0000	9.106	274.307	0.000	274.307	0.000
274.728	8.400	0.0000	9.139	274.523	0.000	274.523	0.000
275.727	8.406	0.0000	9.173	274.719	0.000	274.719	0.000
276.725	8.412	0.0000	9.206	274.889	0.000	274.889	0.000
277.723	8.417	0.0000	9.239	275.072	0.000	275.072	0.000
278.724	8.423	0.0000	9.273	275.275	0.000	275.275	0.000
279.722	8.429	0.0000	9.306	275.461	0.000	275.461	0.000
280.721	8.434	0.0000	9.339	275.624	0.000	275.624	0.000
281.721	8.440	0.0000	9.373	275.804	0.000	275.804	0.000
282.719	8.445	0.0000	9.406	275.974	0.000	275.974	0.000
283.717	8.451	0.0000	9.439	276.180	0.000	276.180	0.000
284.716	8.458	0.0000	9.472	276.389	0.000	276.389	0.000
285.715	8.463	0.0000	9.506	276.572	0.000	276.572	0.000
286.715	8.468	0.0000	9.539	276.739	0.000	276.739	0.000
287.715	8.474	0.0000	9.572	276.931	0.000	276.931	0.000
288.713	8.480	0.0000	9.606	277.111	0.000	277.111	0.000
289.713	8.485	0.0000	9.639	277.294	0.000	277.294	0.000
290.711	8.491	0.0000	9.672	277.487	0.000	277.487	0.000
291.711	8.496	0.0000	9.706	277.644	0.000	277.644	0.000
292.71	8.501	0.0000	9.739	277.824	0.000	277.824	0.000
293.709	8.507	0.0000	9.772	278.013	0.000	278.013	0.000
294.706	8.512	0.0000	9.805	278.180	0.000	278.180	0.000
295.707	8.517	0.0000	9.839	278.330	0.000	278.330	0.000
296.704	8.522	0.0000	9.872	278.503	0.000	278.503	0.000
297.706	8.527	0.0000	9.905	278.667	0.000	278.667	0.000
298.703	8.533	0.0000	9.939	278.840	0.000	278.840	0.000
299.701	8.537	0.0000	9.972	278.997	0.000	278.997	0.000
300.701	8.542	0.0000	10.005	279.154	0.000	279.154	0.000
301.7	8.548	0.0000	10.039	279.337	0.000	279.337	0.000
302.699	8.553	0.0000	10.072	279.523	0.000	279.523	0.000
303.699	8.558	0.0000	10.105	279.670	0.000	279.670	0.000
304.697	8.563	0.0000	10.138	279.827	0.000	279.827	0.000
305.696	8.567	0.0000	10.172	279.980	0.000	279.980	0.000
306.696	8.573	0.0000	10.205	280.160	0.000	280.160	0.000
307.694	8.578	0.0000	10.238	280.320	0.000	280.320	0.000
308.693	8.583	0.0000	10.272	280.480	0.000	280.480	0.000
309.693	8.588	0.0000	10.305	280.644	0.000	280.644	0.000
310.691	8.593	0.0000	10.338	280.810	0.000	280.810	0.000
311.691	8.597	0.0000	10.372	280.961	0.000	280.961	0.000
312.69	8.602	0.0000	10.405	281.105	0.000	281.105	0.000
313.689	8.607	0.0000	10.438	281.268	0.000	281.268	0.000
314.687	8.612	0.0000	10.471	281.425	0.000	281.425	0.000
315.687	8.616	0.0000	10.505	281.575	0.000	281.575	0.000
316.685	8.621	0.0000	10.538	281.725	0.000	281.725	0.000
317.685	8.625	0.0000	10.571	281.876	0.000	281.876	0.000
318.683	8.631	0.0000	10.605	282.042	0.000	282.042	0.000
319.682	8.635	0.0000	10.638	282.193	0.000	282.193	0.000
320.681	8.640	0.0000	10.671	282.353	0.000	282.353	0.000
321.679	8.644	0.0000	10.705	282.467	0.000	282.467	0.000
322.679	8.648	0.0000	10.738	282.631	0.000	282.631	0.000
323.679	8.654	0.0000	10.771	282.810	0.000	282.810	0.000
324.678	8.659	0.0000	10.804	282.958	0.000	282.958	0.000
325.676	8.662	0.0000	10.838	283.065	0.000	283.065	0.000
326.674	8.666	0.0000	10.871	283.190	0.000	283.190	0.000
327.674	8.670	0.0000	10.904	283.343	0.000	283.343	0.000
328.672	8.676	0.0000	10.938	283.513	0.000	283.513	0.000
329.674	8.680	0.0000	10.971	283.660	0.000	283.660	0.000
330.671	8.684	0.0000	11.004	283.784	0.000	283.784	0.000
331.669	8.689	0.0000	11.038	283.938	0.000	283.938	0.000
332.67	8.693	0.0000	11.071	284.098	0.000	284.098	0.000
333.669	8.697	0.0000	11.104	284.203	0.000	284.203	0.000
334.667	8.701	0.0000	11.137	284.343	0.000	284.343	0.000
335.667	8.705	0.0000	11.171	284.477	0.000	284.477	0.000
336.666	8.710	0.0000	11.204	284.641	0.000	284.641	0.000
337.664	8.714	0.0000	11.237	284.765	0.000	284.765	0.000
338.664	8.718	0.0000	11.271	284.899	0.000	284.899	0.000
339.661	8.722	0.0000	11.304	285.023	0.000	285.023	0.000
340.662	8.726	0.0000	11.337	285.163	0.000	285.163	0.000
341.662	8.730	0.0000	11.371	285.294	0.000	285.294	0.000
342.661	8.734	0.0000	11.404	285.438	0.000	285.438	0.000
343.658	8.739	0.0000	11.437	285.578	0.000	285.578	0.000
344.658	8.743	0.0000	11.470	285.722	0.000	285.722	0.000
345.658	8.746	0.0000	11.504	285.807	0.000	285.807	0.000
346.657	8.750	0.0000	11.537	285.948	0.000	285.948	0.000
347.655	8.754	0.0000	11.570	286.091	0.000	286.091	0.000
348.654	8.759	0.0000	11.604	286.229	0.000	286.229	0.000
349.654	8.762	0.0000	11.637	286.350	0.000	286.350	0.000
350.651	8.766	0.0000	11.670	286.480	0.000	286.480	0.000
351.651	8.770	0.0000	11.704	286.601	0.000	286.601	0.000
352.65	8.773	0.0000	11.737	286.712	0.000	286.712	0.000
353.649	8.777	0.0000	11.770	286.833	0.000	286.833	0.000
354.649	8.781	0.0000	11.803	286.964	0.000	286.964	0.000
355.646	8.785	0.0000	11.837	287.091	0.000	287.091	0.000
356.645	8.789	0.0000	11.870	287.216	0.000	287.216	0.000
357.645	8.792	0.0000	11.903	287.320	0.000	287.320	0.000
358.645	8.796	0.0000	11.937	287.461	0.000	287.461	0.000
359.644	8.800	0.0000	11.970	287.582	0.000	287.582	0.000
360.643	8.804	0.0000	12.003	287.703	0.000	287.703	0.000
361.641	8.807	0.0000	12.037	287.814	0.000	287.814	0.000
362.639	8.811	0.0000	12.070	287.931	0.000	287.931	0.000
363.639	8.815	0.0000	12.103	288.072	0.000	288.072	0.000
364.64	8.818	0.0000	12.137	288.183	0.000	288.183	0.000
365.637	8.822	0.0000	12.170	288.304	0.000	288.304	0.000
366.635	8.826	0.0000	12.203	288.418	0.000	288.418	0.000
367.634	8.830	0.0000	12.236	288.562	0.000	288.562	0.000
368.633	8.833	0.0000	12.270	288.670	0.000	288.670	0.000
369.633	8.835	0.0000	12.303	288.739	0.000	288.739	0.000
370.63	8.840	0.0000	12.336	288.889	0.000	288.889	0.000
371.63	8.844	0.0000	12.370	289.013	0.000	289.013	0.000
372.629	8.845	0.0000	12.403	289.059	0.000	289.059	0.000
373.628	8.850	0.0000	12.436	289.216	0.000	289.216	0.000
374.628	8.854	0.0000	12.470	289.346	0.000	289.346	0.000
375.626	8.857	0.0000	12.503	289.438	0.000	289.438	0.000
376.626	8.860	0.0000	12.536	289.542	0.000	289.542	0.000
377.626	8.865	0.0000	12.569	289.699	0.000	289.699	0.000
378.623	8.867	0.0000	12.603	289.761	0.000	289.761	0.000
379.622	8.870	0.0000	12.636	289.869	0.000	289.869	0.000
380.621	8.874	0.0000	12.669	290.007	0.000	290.007	0.000
381.621	8.876	0.0000	12.703	290.075	0.000	290.075	0.000
382.621	8.880	0.0000	12.736	290.199	0.000	290.199	0.000
383.619	8.885	0.0000	12.769	290.359	0.000	290.359	0.000
384.617	8.888	0.0000	12.803	290.451	0.000	290.451	0.000
385.616	8.890	0.0000	12.836	290.523	0.000	290.523	0.000
386.616	8.895	0.0000	12.869	290.676	0.000	290.676	0.000
387.614	8.897	0.0000	12.902	290.748	0.000	290.748	0.000
388.614	8.900	0.0000	12.936	290.850	0.000	290.850	0.000
389.613	8.903	0.0000	12.969	290.964	0.000	290.964	0.000
390.612	8.906	0.0000	13.002	291.039	0.000	291.039	0.000
391.612	8.910	0.0000	13.036	291.176	0.000	291.176	0.000
392.61	8.913	0.0000	13.069	291.268	0.000	291.268	0.000
393.61	8.915	0.0000	13.102	291.340	0.000	291.340	0.000
394.61	8.917	0.0000	13.136	291.405	0.000	291.405	0.000
395.607	8.921	0.0000	13.169	291.520	0.000	291.520	0.000
396.607	8.925	0.0000	13.202	291.667	0.000	291.667	0.000
397.606	8.927	0.0000	13.235	291.739	0.000	291.739	0.000
398.605	8.930	0.0000	13.269	291.830	0.000	291.830	0.000
399.602	8.934	0.0000	13.302	291.951	0.000	291.951	0.000
400.602	8.936	0.0000	13.335	292.010	0.000	292.010	0.000
401.6	8.940	0.0000	13.369	292.157	0.000	292.157	0.000
402.599	8.942	0.0000	13.402	292.206	0.000	292.206	0.000
403.599	8.945	0.0000	13.435	292.320	0.000	292.320	0.000
404.599	8.948	0.0000	13.469	292.435	0.000	292.435	0.000
405.598	8.950	0.0000	13.502	292.484	0.000	292.484	0.000
406.596	8.955	0.0000	13.535	292.647	0.000	292.647	0.000
407.596	8.955	0.0000	13.568	292.660	0.000	292.660	0.000
408.594	8.960	0.0000	13.602	292.810	0.000	292.810	0.000
409.594	8.961	0.0000	13.635	292.846	0.000	292.846	0.000
410.593	8.965	0.0000	13.668	292.974	0.000	292.974	0.000
411.591	8.966	0.0000	13.702	293.010	0.000	293.010	0.000
412.589	8.970	0.0000	13.735	293.137	0.000	293.137	0.000
413.59	8.972	0.0000	13.768	293.212	0.000	293.212	0.000
414.589	8.975	0.0000	13.802	293.301	0.000	293.301	0.000
415.589	8.979	0.0000	13.835	293.422	0.000	293.422	0.000
416.586	8.980	0.0000	13.868	293.464	0.000	293.464	0.000
417.585	8.983	0.0000	13.901	293.565	0.000	293.565	0.000
418.585	8.985	0.0000	13.935	293.627	0.000	293.627	0.000
419.584	8.988	0.0000	13.968	293.725	0.000	293.725	0.000
420.582	8.990	0.0000	14.001	293.791	0.000	293.791	0.000
421.582	8.994	0.0000	14.035	293.935	0.000	293.935	0.000
422.581	8.996	0.0000	14.068	293.993	0.000	293.993	0.000
423.58	9.000	0.0000	14.101	294.118	0.000	294.118	0.000
424.577	9.001	0.0000	14.135	294.144	0.000	294.144	0.000
425.579	9.005	0.0000	14.168	294.281	0.000	294.281	0.000
426.577	9.007	0.0000	14.201	294.353	0.000	294.353	0.000
427.575	9.010	0.0000	14.234	294.444	0.000	294.444	0.000
428.576	9.011	0.0000	14.268	294.464	0.000	294.464	0.000
429.574	9.015	0.0000	14.301	294.608	0.000	294.608	0.000
430.573	9.017	0.0000	14.334	294.690	0.000	294.690	0.000
431.572	9.020	0.0000	14.368	294.771	0.000	294.771	0.000
432.571	9.020	0.0000	14.401	294.784	0.000	294.784	0.000
433.571	9.025	0.0000	14.434	294.935	0.000	294.935	0.000
434.569	9.025	0.0000	14.468	294.938	0.000	294.938	0.000
435.568	9.030	0.0000	14.501	295.098	0.000	295.098	0.000
436.566	9.030	0.0000	14.534	295.098	0.000	295.098	0.000
437.565	9.035	0.0000	14.567	295.258	0.000	295.258	0.000
438.564	9.035	0.0000	14.601	295.261	0.000	295.261	0.000
439.563	9.038	0.0000	14.634	295.366	0.000	295.366	0.000
440.563	9.040	0.0000	14.667	295.425	0.000	295.425	0.000
441.56	9.043	0.0000	14.701	295.529	0.000	295.529	0.000
442.561	9.045	0.0000	14.734	295.588	0.000	295.588	0.000
443.56	9.049	0.0000	14.767	295.732	0.000	295.732	0.000
444.558	9.050	0.0000	14.801	295.752	0.000	295.752	0.000
445.557	9.053	0.0000	14.834	295.840	0.000	295.840	0.000
446.556	9.055	0.0000	14.867	295.915	0.000	295.915	0.000
447.556	9.057	0.0000	14.900	295.977	0.000	295.977	0.000
448.555	9.060	0.0000	14.934	296.078	0.000	296.078	0.000
449.553	9.061	0.0000	14.967	296.095	0.000	296.095	0.000
450.553	9.065	0.0000	15.000	296.242	0.000	296.242	0.000
451.552	9.065	0.0000	15.034	296.242	0.000	296.242	0.000
452.551	9.068	0.0000	15.067	296.353	0.000	296.353	0.000
453.549	9.070	0.0000	15.100	296.405	0.000	296.405	0.000
454.55	9.070	0.0000	15.134	296.405	0.000	296.405	0.000
455.547	9.075	0.0000	15.167	296.556	0.000	296.556	0.000
456.548	9.075	0.0000	15.200	296.569	0.000	296.569	0.000
457.547	9.079	0.0000	15.233	296.703	0.000	296.703	0.000
458.544	9.080	0.0000	15.267	296.732	0.000	296.732	0.000
459.545	9.083	0.0000	15.300	296.817	0.000	296.817	0.000
460.544	9.085	0.0000	15.333	296.895	0.000	296.895	0.000
461.543	9.085	0.0000	15.367	296.895	0.000	296.895	0.000
462.542	9.090	0.0000	15.400	297.056	0.000	297.056	0.000
463.54	9.090	0.0000	15.433	297.059	0.000	297.059	0.000
464.54	9.092	0.0000	15.467	297.131	0.000	297.131	0.000
465.538	9.095	0.0000	15.500	297.222	0.000	297.222	0.000
466.537	9.097	0.0000	15.533	297.281	0.000	297.281	0.000
467.537	9.100	0.0000	15.566	297.386	0.000	297.386	0.000
468.535	9.100	0.0000	15.600	297.386	0.000	297.386	0.000
469.535	9.104	0.0000	15.633	297.529	0.000	297.529	0.000
470.533	9.105	0.0000	15.666	297.549	0.000	297.549	0.000
471.531	9.106	0.0000	15.700	297.582	0.000	297.582	0.000
472.531	9.110	0.0000	15.733	297.712	0.000	297.712	0.000
473.532	9.110	0.0000	15.766	297.712	0.000	297.712	0.000
474.528	9.114	0.0000	15.800	297.827	0.000	297.827	0.000
475.529	9.115	0.0000	15.833	297.876	0.000	297.876	0.000
476.528	9.115	0.0000	15.866	297.876	0.000	297.876	0.000
477.525	9.115	0.0000	15.899	297.886	0.000	297.886	0.000
478.525	9.120	0.0000	15.933	298.036	0.000	298.036	0.000
479.524	9.120	0.0000	15.966	298.039	0.000	298.039	0.000
480.523	9.122	0.0000	15.999	298.098	0.000	298.098	0.000
481.521	9.125	0.0000	16.033	298.203	0.000	298.203	0.000
482.522	9.126	0.0000	16.066	298.225	0.000	298.225	0.000
483.521	9.130	0.0000	16.099	298.366	0.000	298.366	0.000
484.519	9.130	0.0000	16.133	298.366	0.000	298.366	0.000
485.518	9.130	0.0000	16.166	298.366	0.000	298.366	0.000
486.518	9.135	0.0000	16.199	298.529	0.000	298.529	0.000
487.517	9.135	0.0000	16.232	298.529	0.000	298.529	0.000
488.514	9.136	0.0000	16.266	298.572	0.000	298.572	0.000
489.515	9.140	0.0000	16.299	298.693	0.000	298.693	0.000
490.513	9.140	0.0000	16.332	298.693	0.000	298.693	0.000
491.513	9.140	0.0000	16.366	298.699	0.000	298.699	0.000
492.512	9.145	0.0000	16.399	298.856	0.000	298.856	0.000
493.509	9.145	0.0000	16.432	298.856	0.000	298.856	0.000
494.509	9.146	0.0000	16.466	298.886	0.000	298.886	0.000
495.508	9.150	0.0000	16.499	299.020	0.000	299.020	0.000
496.508	9.150	0.0000	16.532	299.020	0.000	299.020	0.000
497.506	9.150	0.0000	16.565	299.020	0.000	299.020	0.000
498.506	9.154	0.0000	16.599	299.141	0.000	299.141	0.000
499.505	9.155	0.0000	16.632	299.183	0.000	299.183	0.000
500.505	9.155	0.0000	16.665	299.183	0.000	299.183	0.000
501.504	9.159	0.0000	16.699	299.317	0.000	299.317	0.000
502.503	9.160	0.0000	16.732	299.346	0.000	299.346	0.000
503.501	9.162	0.0000	16.765	299.402	0.000	299.402	0.000
504.5	9.165	0.0000	16.799	299.510	0.000	299.510	0.000
505.498	9.165	0.0000	16.832	299.510	0.000	299.510	0.000
506.497	9.165	0.0000	16.865	299.510	0.000	299.510	0.000
507.497	9.167	0.0000	16.898	299.585	0.000	299.585	0.000
508.495	9.170	0.0000	16.932	299.673	0.000	299.673	0.000
509.495	9.170	0.0000	16.965	299.673	0.000	299.673	0.000
510.494	9.170	0.0000	16.998	299.673	0.000	299.673	0.000
511.492	9.173	0.0000	17.032	299.771	0.000	299.771	0.000
512.492	9.175	0.0000	17.065	299.837	0.000	299.837	0.000
513.492	9.175	0.0000	17.098	299.837	0.000	299.837	0.000
514.49	9.177	0.0000	17.132	299.902	0.000	299.902	0.000
515.49	9.180	0.0000	17.165	300.000	0.000	300.000	0.000
516.486	9.180	0.0000	17.198	300.000	0.000	300.000	0.000
517.486	9.180	0.0000	17.231	300.000	0.000	300.000	0.000
518.486	9.182	0.0000	17.265	300.065	0.000	300.065	0.000
519.483	9.185	0.0000	17.298	300.163	0.000	300.163	0.000
520.483	9.185	0.0000	17.331	300.163	0.000	300.163	0.000
521.484	9.185	0.0000	17.365	300.173	0.000	300.173	0.000
522.482	9.190	0.0000	17.398	300.327	0.000	300.327	0.000
523.482	9.190	0.0000	17.431	300.327	0.000	300.327	0.000
524.478	9.190	0.0000	17.465	300.327	0.000	300.327	0.000
525.479	9.191	0.0000	17.498	300.356	0.000	300.356	0.000
526.477	9.195	0.0000	17.531	300.490	0.000	300.490	0.000
527.478	9.195	0.0000	17.564	300.490	0.000	300.490	0.000
528.475	9.195	0.0000	17.598	300.490	0.000	300.490	0.000
529.476	9.198	0.0000	17.631	300.578	0.000	300.578	0.000
530.473	9.200	0.0000	17.664	300.654	0.000	300.654	0.000
531.473	9.200	0.0000	17.698	300.654	0.000	300.654	0.000
532.47	9.200	0.0000	17.731	300.654	0.000	300.654	0.000
533.471	9.204	0.0000	17.764	300.788	0.000	300.788	0.000
534.471	9.205	0.0000	17.798	300.817	0.000	300.817	0.000
535.47	9.205	0.0000	17.831	300.817	0.000	300.817	0.000
536.468	9.205	0.0000	17.864	300.817	0.000	300.817	0.000
537.468	9.205	0.0000	17.897	300.817	0.000	300.817	0.000
538.467	9.205	0.0000	17.931	300.830	0.000	300.830	0.000
539.465	9.210	0.0000	17.964	300.980	0.000	300.980	0.000
540.463	9.210	0.0000	17.997	300.980	0.000	300.980	0.000
541.464	9.210	0.0000	18.031	300.980	0.000	300.980	0.000
542.461	9.212	0.0000	18.064	301.049	0.000	301.049	0.000
543.46	9.215	0.0000	18.097	301.144	0.000	301.144	0.000
544.46	9.215	0.0000	18.131	301.144	0.000	301.144	0.000
545.46	9.215	0.0000	18.164	301.144	0.000	301.144	0.000
546.459	9.215	0.0000	18.197	301.144	0.000	301.144	0.000
547.456	9.217	0.0000	18.230	301.212	0.000	301.212	0.000
548.455	9.220	0.0000	18.264	301.307	0.000	301.307	0.000
549.456	9.220	0.0000	18.297	301.307	0.000	301.307	0.000
550.455	9.220	0.0000	18.330	301.307	0.000	301.307	0.000
551.453	9.220	0.0000	18.364	301.307	0.000	301.307	0.000
552.453	9.223	0.0000	18.397	301.399	0.000	301.399	0.000
553.449	9.225	0.0000	18.430	301.471	0.000	301.471	0.000
554.45	9.225	0.0000	18.464	301.471	0.000	301.471	0.000
555.449	9.225	0.0000	18.497	301.471	0.000	301.471	0.000
556.449	9.225	0.0000	18.530	301.471	0.000	301.471	0.000
557.447	9.227	0.0000	18.563	301.529	0.000	301.529	0.000
558.446	9.230	0.0000	18.597	301.634	0.000	301.634	0.000
559.445	9.230	0.0000	18.630	301.634	0.000	301.634	0.000
560.445	9.230	0.0000	18.663	301.634	0.000	301.634	0.000
561.444	9.230	0.0000	18.697	301.634	0.000	301.634	0.000
562.441	9.231	0.0000	18.730	301.676	0.000	301.676	0.000
563.443	9.235	0.0000	18.763	301.797	0.000	301.797	0.000
564.439	9.235	0.0000	18.797	301.797	0.000	301.797	0.000
565.439	9.235	0.0000	18.830	301.797	0.000	301.797	0.000
566.439	9.235	0.0000	18.863	301.797	0.000	301.797	0.000
567.436	9.236	0.0000	18.896	301.840	0.000	301.840	0.000
568.437	9.240	0.0000	18.930	301.961	0.000	301.961	0.000
569.436	9.240	0.0000	18.963	301.961	0.000	301.961	0.000
570.434	9.240	0.0000	18.996	301.961	0.000	301.961	0.000
571.435	9.240	0.0000	19.030	301.961	0.000	301.961	0.000
572.431	9.240	0.0000	19.063	301.961	0.000	301.961	0.000
573.433	9.244	0.0000	19.096	302.085	0.000	302.085	0.000
574.429	9.245	0.0000	19.130	302.124	0.000	302.124	0.000
575.43	9.245	0.0000	19.163	302.124	0.000	302.124	0.000
576.428	9.245	0.0000	19.196	302.124	0.000	302.124	0.000
577.427	9.245	0.0000	19.229	302.124	0.000	302.124	0.000
578.426	9.245	0.0000	19.263	302.124	0.000	302.124	0.000
579.426	9.245	0.0000	19.296	302.124	0.000	302.124	0.000
580.423	9.248	0.0000	19.329	302.206	0.000	302.206	0.000
581.423	9.250	0.0000	19.363	302.288	0.000	302.288	0.000
582.422	9.250	0.0000	19.396	302.288	0.000	302.288	0.000
583.423	9.250	0.0000	19.429	302.288	0.000	302.288	0.000
584.421	9.250	0.0000	19.463	302.288	0.000	302.288	0.000
585.418	9.250	0.0000	19.496	302.288	0.000	302.288	0.000
586.42	9.250	0.0000	19.529	302.288	0.000	302.288	0.000
587.416	9.250	0.0000	19.562	302.288	0.000	302.288	0.000
588.418	9.252	0.0000	19.596	302.356	0.000	302.356	0.000
589.416	9.255	0.0000	19.629	302.451	0.000	302.451	0.000
590.416	9.255	0.0000	19.662	302.451	0.000	302.451	0.000
591.414	9.255	0.0000	19.696	302.451	0.000	302.451	0.000
592.414	9.255	0.0000	19.729	302.451	0.000	302.451	0.000
593.412	9.255	0.0000	19.762	302.451	0.000	302.451	0.000
594.412	9.255	0.0000	19.796	302.451	0.000	302.451	0.000
595.409	9.255	0.0000	19.829	302.451	0.000	302.451	0.000
596.41	9.256	0.0000	19.862	302.497	0.000	302.497	0.000
597.408	9.255	0.0000	19.895	302.451	0.000	302.451	0.000
598.407	9.259	0.0000	19.929	302.569	0.000	302.569	0.000
599.405	9.260	0.0000	19.962	302.614	0.000	302.614	0.000
600.405	9.260	0.0000	19.995	302.614	0.000	302.614	0.000
601.405	9.260	0.0000	20.029	302.614	0.000	302.614	0.000
602.401	9.260	0.0000	20.062	302.614	0.000	302.614	0.000
603.402	9.260	0.0000	20.095	302.614	0.000	302.614	0.000
604.4	9.260	0.0000	20.129	302.614	0.000	302.614	0.000
605.401	9.260	0.0000	20.162	302.614	0.000	302.614	0.000
606.398	9.264	0.0000	20.195	302.735	0.000	302.735	0.000
607.398	9.265	0.0000	20.228	302.778	0.000	302.778	0.000
608.397	9.265	0.0000	20.262	302.778	0.000	302.778	0.000
609.397	9.265	0.0000	20.295	302.778	0.000	302.778	0.000
610.393	9.265	0.0000	20.328	302.778	0.000	302.778	0.000
611.393	9.265	0.0000	20.362	302.778	0.000	302.778	0.000
612.393	9.265	0.0000	20.395	302.778	0.000	302.778	0.000
613.393	9.265	0.0000	20.428	302.778	0.000	302.778	0.000
614.391	9.266	0.0000	20.462	302.824	0.000	302.824	0.000
615.39	9.270	0.0000	20.495	302.941	0.000	302.941	0.000
616.388	9.270	0.0000	20.528	302.941	0.000	302.941	0.000
617.388	9.270	0.0000	20.561	302.941	0.000	302.941	0.000
618.387	9.270	0.0000	20.595	302.941	0.000	302.941	0.000
619.387	9.270	0.0000	20.628	302.941	0.000	302.941	0.000
620.385	9.270	0.0000	20.661	302.941	0.000	302.941	0.000
621.385	9.270	0.0000	20.695	302.941	0.000	302.941	0.000
622.383	9.270	0.0000	20.728	302.941	0.000	302.941	0.000
623.382	9.270	0.0000	20.761	302.941	0.000	302.941	0.000
624.382	9.272	0.0000	20.795	302.993	0.000	302.993	0.000
625.381	9.275	0.0000	20.828	303.105	0.000	303.105	0.000
626.38	9.275	0.0000	20.861	303.105	0.000	303.105	0.000
627.377	9.275	0.0000	20.894	303.105	0.000	303.105	0.000
628.378	9.275	0.0000	20.928	303.105	0.000	303.105	0.000
629.376	9.275	0.0000	20.961	303.105	0.000	303.105	0.000
630.375	9.275	0.0000	20.994	303.105	0.000	303.105	0.000
631.373	9.275	0.0000	21.028	303.105	0.000	303.105	0.000
632.373	9.275	0.0000	21.061	303.105	0.000	303.105	0.000
633.372	9.275	0.0000	21.094	303.105	0.000	303.105	0.000
634.372	9.275	0.0000	21.128	303.105	0.000	303.105	0.000
635.37	9.275	0.0000	21.161	303.105	0.000	303.105	0.000
636.37	9.275	0.0000	21.194	303.105	0.000	303.105	0.000
637.368	9.275	0.0000	21.228	303.105	0.000	303.105	0.000
638.367	9.275	0.0000	21.261	303.105	0.000	303.105	0.000
639.367	9.275	0.0000	21.294	303.105	0.000	303.105	0.000
640.366	9.275	0.0000	21.327	303.105	0.000	303.105	0.000
641.363	9.275	0.0000	21.361	303.105	0.000	303.105	0.000
642.363	9.275	0.0000	21.394	303.105	0.000	303.105	0.000
643.361	9.275	0.0000	21.427	303.105	0.000	303.105	0.000
644.361	9.275	0.0000	21.461	303.105	0.000	303.105	0.000
645.361	9.278	0.0000	21.494	303.196	0.000	303.196	0.000
646.359	9.277	0.0000	21.527	303.157	0.000	303.157	0.000
647.358	9.275	0.0000	21.561	303.105	0.000	303.105	0.000
648.357	9.276	0.0000	21.594	303.150	0.000	303.150	0.000
649.355	9.280	0.0000	21.627	303.268	0.000	303.268	0.000
650.355	9.280	0.0000	21.660	303.268	0.000	303.268	0.000
651.354	9.280	0.0000	21.694	303.268	0.000	303.268	0.000
652.354	9.280	0.0000	21.727	303.268	0.000	303.268	0.000
653.352	9.280	0.0000	21.760	303.268	0.000	303.268	0.000
654.352	9.280	0.0000	21.794	303.268	0.000	303.268	0.000
655.35	9.280	0.0000	21.827	303.268	0.000	303.268	0.000
656.349	9.280	0.0000	21.860	303.268	0.000	303.268	0.000
657.349	9.280	0.0000	21.894	303.268	0.000	303.268	0.000
658.347	9.280	0.0000	21.927	303.268	0.000	303.268	0.000
659.346	9.280	0.0000	21.960	303.268	0.000	303.268	0.000
660.345	9.280	0.0000	21.993	303.268	0.000	303.268	0.000
661.345	9.280	0.0000	22.027	303.258	0.000	303.258	0.000
662.344	9.280	0.0000	22.060	303.265	0.000	303.265	0.000
663.343	9.280	0.0000	22.093	303.268	0.000	303.268	0.000
664.342	9.280	0.0000	22.127	303.268	0.000	303.268	0.000
665.341	9.280	0.0000	22.160	303.268	0.000	303.268	0.000
666.34	9.280	0.0000	22.193	303.268	0.000	303.268	0.000
667.339	9.280	0.0000	22.227	303.268	0.000	303.268	0.000
668.338	9.280	0.0000	22.260	303.268	0.000	303.268	0.000
669.337	9.280	0.0000	22.293	303.268	0.000	303.268	0.000
670.335	9.280	0.0000	22.326	303.268	0.000	303.268	0.000
671.335	9.280	0.0000	22.360	303.268	0.000	303.268	0.000
672.335	9.280	0.0000	22.393	303.268	0.000	303.268	0.000
673.332	9.280	0.0000	22.426	303.268	0.000	303.268	0.000
674.332	9.280	0.0000	22.460	303.268	0.000	303.268	0.000
675.33	9.280	0.0000	22.493	303.268	0.000	303.268	0.000
676.33	9.280	0.0000	22.526	303.268	0.000	303.268	0.000
677.329	9.280	0.0000	22.560	303.268	0.000	303.268	0.000
678.329	9.280	0.0000	22.593	303.268	0.000	303.268	0.000
679.327	9.280	0.0000	22.626	303.268	0.000	303.268	0.000
680.326	9.277	0.0000	22.659	303.180	0.000	303.180	0.000
681.325	9.275	0.0000	22.693	303.114	0.000	303.114	0.000
682.324	9.277	0.0000	22.726	303.173	0.000	303.173	0.000
683.323	9.275	0.0000	22.759	303.105	0.000	303.105	0.000
684.322	9.276	0.0000	22.793	303.150	0.000	303.150	0.000
685.322	9.280	0.0000	22.826	303.268	0.000	303.268	0.000
686.32	9.278	0.0000	22.859	303.209	0.000	303.209	0.000
687.32	9.275	0.0000	22.893	303.105	0.000	303.105	0.000
688.319	9.275	0.0000	22.926	303.105	0.000	303.105	0.000
689.317	9.275	0.0000	22.959	303.105	0.000	303.105	0.000
690.316	9.275	0.0000	22.992	303.105	0.000	303.105	0.000
691.315	9.275	0.0000	23.026	303.105	0.000	303.105	0.000
692.314	9.275	0.0000	23.059	303.105	0.000	303.105	0.000
693.313	9.275	0.0000	23.092	303.105	0.000	303.105	0.000
694.313	9.275	0.0000	23.126	303.105	0.000	303.105	0.000
695.311	9.275	0.0000	23.159	303.105	0.000	303.105	0.000
696.308	9.275	0.0000	23.192	303.105	0.000	303.105	0.000
697.309	9.275	0.0000	23.226	303.105	0.000	303.105	0.000
698.309	9.274	0.0000	23.259	303.065	0.000	303.065	0.000
699.308	9.270	0.0000	23.292	302.941	0.000	302.941	0.000
700.306	9.273	0.0000	23.325	303.026	0.000	303.026	0.000
701.305	9.274	0.0000	23.359	303.085	0.000	303.085	0.000
702.304	9.270	0.0000	23.392	302.941	0.000	302.941	0.000
703.302	9.270	0.0000	23.425	302.941	0.000	302.941	0.000
704.303	9.270	0.0000	23.459	302.941	0.000	302.941	0.000
705.299	9.270	0.0000	23.492	302.941	0.000	302.941	0.000
706.3	9.270	0.0000	23.525	302.941	0.000	302.941	0.000
707.299	9.270	0.0000	23.559	302.941	0.000	302.941	0.000
708.298	9.270	0.0000	23.592	302.941	0.000	302.941	0.000
709.297	9.270	0.0000	23.625	302.941	0.000	302.941	0.000
710.297	9.270	0.0000	23.658	302.941	0.000	302.941	0.000
711.296	9.270	0.0000	23.692	302.941	0.000	302.941	0.000
712.294	9.266	0.0000	23.725	302.801	0.000	302.801	0.000
713.293	9.265	0.0000	23.758	302.778	0.000	302.778	0.000
714.293	9.265	0.0000	23.792	302.778	0.000	302.778	0.000
715.291	9.265	0.0000	23.825	302.778	0.000	302.778	0.000
716.291	9.265	0.0000	23.858	302.778	0.000	302.778	0.000
717.29	9.265	0.0000	23.892	302.768	0.000	302.768	0.000
718.289	9.260	0.0000	23.925	302.614	0.000	302.614	0.000
719.288	9.260	0.0000	23.958	302.614	0.000	302.614	0.000
720.287	9.260	0.0000	23.991	302.614	0.000	302.614	0.000
721.284	9.260	0.0000	24.025	302.614	0.000	302.614	0.000
722.284	9.260	0.0000	24.058	302.614	0.000	302.614	0.000
723.282	9.260	0.0000	24.091	302.614	0.000	302.614	0.000
724.282	9.259	0.0000	24.125	302.595	0.000	302.595	0.000
725.282	9.255	0.0000	24.158	302.451	0.000	302.451	0.000
726.281	9.255	0.0000	24.191	302.451	0.000	302.451	0.000
727.28	9.255	0.0000	24.225	302.451	0.000	302.451	0.000
728.279	9.255	0.0000	24.258	302.451	0.000	302.451	0.000
729.277	9.255	0.0000	24.291	302.451	0.000	302.451	0.000
730.275	9.250	0.0000	24.324	302.301	0.000	302.301	0.000
731.276	9.250	0.0000	24.358	302.288	0.000	302.288	0.000
732.274	9.250	0.0000	24.391	302.288	0.000	302.288	0.000
733.273	9.250	0.0000	24.424	302.288	0.000	302.288	0.000
734.273	9.249	0.0000	24.458	302.248	0.000	302.248	0.000
735.272	9.245	0.0000	24.491	302.124	0.000	302.124	0.000
736.271	9.245	0.0000	24.524	302.124	0.000	302.124	0.000
737.27	9.245	0.0000	24.558	302.124	0.000	302.124	0.000
738.269	9.244	0.0000	24.591	302.078	0.000	302.078	0.000
739.268	9.240	0.0000	24.624	301.961	0.000	301.961	0.000
740.267	9.240	0.0000	24.657	301.961	0.000	301.961	0.000
741.266	9.240	0.0000	24.691	301.961	0.000	301.961	0.000
742.265	9.239	0.0000	24.724	301.938	0.000	301.938	0.000
743.263	9.235	0.0000	24.757	301.797	0.000	301.797	0.000
744.262	9.235	0.0000	24.791	301.797	0.000	301.797	0.000
745.262	9.235	0.0000	24.824	301.797	0.000	301.797	0.000
746.261	9.235	0.0000	24.857	301.797	0.000	301.797	0.000
747.26	9.230	0.0000	24.891	301.634	0.000	301.634	0.000
748.259	9.230	0.0000	24.924	301.634	0.000	301.634	0.000
749.258	9.230	0.0000	24.957	301.631	0.000	301.631	0.000
750.256	9.225	0.0000	24.990	301.471	0.000	301.471	0.000
751.253	9.225	0.0000	25.024	301.471	0.000	301.471	0.000
752.255	9.223	0.0000	25.057	301.418	0.000	301.418	0.000
753.252	9.220	0.0000	25.090	301.307	0.000	301.307	0.000
754.252	9.220	0.0000	25.124	301.307	0.000	301.307	0.000
755.252	9.217	0.0000	25.157	301.199	0.000	301.199	0.000
756.25	9.215	0.0000	25.190	301.144	0.000	301.144	0.000
757.25	9.213	0.0000	25.224	301.075	0.000	301.075	0.000
758.249	9.210	0.0000	25.257	300.980	0.000	300.980	0.000
759.246	9.209	0.0000	25.290	300.954	0.000	300.954	0.000
760.247	9.205	0.0000	25.323	300.817	0.000	300.817	0.000
761.244	9.205	0.0000	25.357	300.817	0.000	300.817	0.000
762.246	9.202	0.0000	25.390	300.732	0.000	300.732	0.000
763.243	9.200	0.0000	25.423	300.654	0.000	300.654	0.000
764.24	9.197	0.0000	25.457	300.556	0.000	300.556	0.000
765.241	9.195	0.0000	25.490	300.490	0.000	300.490	0.000
766.24	9.193	0.0000	25.523	300.435	0.000	300.435	0.000
767.24	9.190	0.0000	25.557	300.327	0.000	300.327	0.000
768.237	9.187	0.0000	25.590	300.216	0.000	300.216	0.000
769.236	9.185	0.0000	25.623	300.163	0.000	300.163	0.000
770.235	9.182	0.0000	25.656	300.062	0.000	300.062	0.000
771.236	9.179	0.0000	25.690	299.977	0.000	299.977	0.000
772.234	9.175	0.0000	25.723	299.837	0.000	299.837	0.000
773.232	9.173	0.0000	25.756	299.768	0.000	299.768	0.000
774.232	9.170	0.0000	25.790	299.673	0.000	299.673	0.000
775.233	9.166	0.0000	25.823	299.546	0.000	299.546	0.000
776.23	9.164	0.0000	25.856	299.464	0.000	299.464	0.000
777.229	9.160	0.0000	25.890	299.346	0.000	299.346	0.000
778.229	9.155	0.0000	25.923	299.193	0.000	299.193	0.000
779.228	9.153	0.0000	25.956	299.105	0.000	299.105	0.000
780.227	9.150	0.0000	25.989	299.020	0.000	299.020	0.000
781.225	9.145	0.0000	26.023	298.856	0.000	298.856	0.000
782.226	9.141	0.0000	26.056	298.729	0.000	298.729	0.000
783.224	9.139	0.0000	26.089	298.647	0.000	298.647	0.000
784.221	9.135	0.0000	26.123	298.516	0.000	298.516	0.000
785.223	9.130	0.0000	26.156	298.366	0.000	298.366	0.000
786.221	9.126	0.0000	26.189	298.225	0.000	298.225	0.000
787.219	9.122	0.0000	26.223	298.118	0.000	298.118	0.000
788.219	9.117	0.0000	26.256	297.951	0.000	297.951	0.000
789.218	9.113	0.0000	26.289	297.810	0.000	297.810	0.000
790.218	9.109	0.0000	26.322	297.686	0.000	297.686	0.000
791.215	9.105	0.0000	26.356	297.533	0.000	297.533	0.000
792.215	9.100	0.0000	26.389	297.369	0.000	297.369	0.000
793.215	9.094	0.0000	26.422	297.190	0.000	297.190	0.000
794.213	9.089	0.0000	26.456	297.023	0.000	297.023	0.000
795.212	9.084	0.0000	26.489	296.846	0.000	296.846	0.000
796.211	9.079	0.0000	26.522	296.696	0.000	296.696	0.000
797.21	9.073	0.0000	26.556	296.503	0.000	296.503	0.000
798.21	9.067	0.0000	26.589	296.304	0.000	296.304	0.000
799.209	9.062	0.0000	26.622	296.127	0.000	296.127	0.000
800.205	9.057	0.0000	26.655	295.964	0.000	295.964	0.000
801.206	9.050	0.0000	26.689	295.758	0.000	295.758	0.000
802.203	9.043	0.0000	26.722	295.536	0.000	295.536	0.000
803.203	9.038	0.0000	26.755	295.356	0.000	295.356	0.000
804.203	9.032	0.0000	26.789	295.157	0.000	295.157	0.000
805.2	9.026	0.0000	26.822	294.958	0.000	294.958	0.000
806.201	9.018	0.0000	26.855	294.719	0.000	294.719	0.000
807.201	9.012	0.0000	26.889	294.503	0.000	294.503	0.000
808.2	9.004	0.0000	26.922	294.255	0.000	294.255	0.000
809.198	8.998	0.0000	26.955	294.036	0.000	294.036	0.000
810.196	8.989	0.0000	26.988	293.765	0.000	293.765	0.000
811.197	8.982	0.0000	27.022	293.533	0.000	293.533	0.000
812.194	8.974	0.0000	27.055	293.261	0.000	293.261	0.000
813.195	8.967	0.0000	27.088	293.036	0.000	293.036	0.000
814.193	8.958	0.0000	27.122	292.739	0.000	292.739	0.000
815.192	8.950	0.0000	27.155	292.471	0.000	292.471	0.000
816.189	8.942	0.0000	27.188	292.219	0.000	292.219	0.000
817.19	8.933	0.0000	27.222	291.918	0.000	291.918	0.000
818.189	8.923	0.0000	27.255	291.611	0.000	291.611	0.000
819.188	8.914	0.0000	27.288	291.314	0.000	291.314	0.000
820.187	8.905	0.0000	27.321	291.029	0.000	291.029	0.000
821.186	8.897	0.0000	27.355	290.739	0.000	290.739	0.000
822.184	8.887	0.0000	27.388	290.425	0.000	290.425	0.000
823.184	8.877	0.0000	27.421	290.095	0.000	290.095	0.000
824.182	8.867	0.0000	27.455	289.775	0.000	289.775	0.000
825.183	8.857	0.0000	27.488	289.428	0.000	289.428	0.000
826.182	8.846	0.0000	27.521	289.091	0.000	289.091	0.000
827.181	8.835	0.0000	27.555	288.732	0.000	288.732	0.000
828.179	8.824	0.0000	27.588	288.359	0.000	288.359	0.000
829.179	8.812	0.0000	27.621	287.964	0.000	287.964	0.000
830.178	8.800	0.0000	27.654	287.588	0.000	287.588	0.000
831.176	8.788	0.0000	27.688	287.186	0.000	287.186	0.000
832.176	8.775	0.0000	27.721	286.775	0.000	286.775	0.000
833.174	8.762	0.0000	27.754	286.350	0.000	286.350	0.000
834.173	8.749	0.0000	27.788	285.922	0.000	285.922	0.000
835.172	8.735	0.0000	27.821	285.461	0.000	285.461	0.000
836.171	8.720	0.0000	27.854	284.980	0.000	284.980	0.000
837.169	8.705	0.0000	27.888	284.490	0.000	284.490	0.000
838.169	8.690	0.0000	27.921	283.987	0.000	283.987	0.000
839.169	8.674	0.0000	27.954	283.467	0.000	283.467	0.000
840.167	8.658	0.0000	27.987	282.928	0.000	282.928	0.000
841.164	8.641	0.0000	28.021	282.373	0.000	282.373	0.000
842.165	8.622	0.0000	28.054	281.775	0.000	281.775	0.000
843.164	8.604	0.0000	28.087	281.163	0.000	281.163	0.000
844.165	8.584	0.0000	28.121	280.513	0.000	280.513	0.000
845.161	8.562	0.0000	28.154	279.788	0.000	279.788	0.000
846.161	8.539	0.0000	28.187	279.059	0.000	279.059	0.000
847.162	8.515	0.0000	28.221	278.271	0.000	278.271	0.000
848.159	8.489	0.0000	28.254	277.415	0.000	277.415	0.000
849.159	8.461	0.0000	28.287	276.497	0.000	276.497	0.000
850.157	8.430	0.0000	28.320	275.497	0.000	275.497	0.000
851.156	8.397	0.0000	28.354	274.412	0.000	274.412	0.000
852.155	8.360	0.0000	28.387	273.190	0.000	273.190	0.000
853.155	8.318	0.0000	28.420	271.824	0.000	271.824	0.000
854.152	8.272	0.0000	28.454	270.324	0.000	270.324	0.000
855.153	8.222	0.0000	28.487	268.683	0.000	268.683	0.000
856.15	8.166	0.0000	28.520	266.853	0.000	266.853	0.000
857.151	8.104	0.0000	28.554	264.827	0.000	264.827	0.000
858.15	8.034	0.0000	28.587	262.562	0.000	262.562	0.000
859.148	7.959	0.0000	28.620	260.085	0.000	260.085	0.000
860.148	7.875	0.0000	28.653	257.350	0.000	257.350	0.000
861.147	7.782	0.0000	28.687	254.310	0.000	254.310	0.000
862.146	7.679	0.0000	28.720	250.954	0.000	250.954	0.000
863.144	7.565	0.0000	28.753	247.225	0.000	247.225	0.000
864.143	7.438	0.0000	28.787	243.082	0.000	243.082	0.000
865.143	7.295	0.0000	28.820	238.405	0.000	238.405	0.000
866.143	7.131	0.0000	28.853	233.023	0.000	233.023	0.000
867.141	6.942	0.0000	28.887	226.846	0.000	226.846	0.000
868.14	6.721	0.0000	28.920	219.631	0.000	219.631	0.000
869.14	6.431	0.0000	28.953	210.163	0.000	210.163	0.000
