Customer	SGCC_1.5
TestDate	4/4/2026
Coil No/Packet No	90-02
Type	Flat
Size(mm)	20*1.53
So(mm^2)	30.60
Lo(mm)	85
Lu(mm)	
A(%)	/
Su(mm^2)	/
Z(%)	/
Fm(kgf)	1328.5
Rm(MPa)	396
FeH(kgf)	/
ReH(MPa)	/
FeL(kgf)	/
ReL(MPa)	/
Fp(kgf)	1.097
Rp(MPa)	0
Ft(kgf)	/
Rt(MPa)	/
E(GPa)	/


-----------Curve----------
Time	Load	Elong	Disp	Stress	Strain	TrueStress	TrueStrain
0	0.010	0.0000	0.002	0.330	0.000	0.330	0.000
0.999	0.238	0.0000	0.018	7.768	0.000	7.768	0.000
1.996	0.778	0.0000	0.048	25.408	0.000	25.408	0.000
2.996	1.363	0.0000	0.082	44.542	0.000	44.542	0.000
3.995	1.928	0.0000	0.115	63.013	0.000	63.013	0.000
4.994	2.463	0.0000	0.148	80.484	0.000	80.484	0.000
5.994	2.974	0.0000	0.182	97.203	0.000	97.203	0.000
6.991	3.454	0.0000	0.215	112.876	0.000	112.876	0.000
7.99	3.915	0.0000	0.248	127.931	0.000	127.931	0.000
8.99	4.325	0.0000	0.281	141.333	0.000	141.333	0.000
9.989	4.667	0.0000	0.315	152.507	0.000	152.507	0.000
10.987	4.997	0.0000	0.348	163.291	0.000	163.291	0.000
11.988	5.321	0.0000	0.381	173.889	0.000	173.889	0.000
12.987	5.640	0.0000	0.415	184.304	0.000	184.304	0.000
13.985	5.948	0.0000	0.448	194.373	0.000	194.373	0.000
14.985	6.252	0.0000	0.481	204.314	0.000	204.314	0.000
15.983	6.557	0.0000	0.515	214.291	0.000	214.291	0.000
16.983	6.862	0.0000	0.548	224.242	0.000	224.242	0.000
17.982	7.168	0.0000	0.581	234.261	0.000	234.261	0.000
18.98	7.476	0.0000	0.615	244.324	0.000	244.324	0.000
19.98	7.784	0.0000	0.648	254.379	0.000	254.379	0.000
20.979	8.091	0.0000	0.681	264.418	0.000	264.418	0.000
21.979	8.398	0.0000	0.714	274.448	0.000	274.448	0.000
22.977	8.705	0.0000	0.748	284.490	0.000	284.490	0.000
23.975	9.015	0.0000	0.781	294.601	0.000	294.601	0.000
24.975	9.321	0.0000	0.814	304.611	0.000	304.611	0.000
25.973	9.573	0.0000	0.848	312.853	0.000	312.853	0.000
26.971	9.751	0.0000	0.881	318.657	0.000	318.657	0.000
27.971	9.964	0.0000	0.914	325.627	0.000	325.627	0.000
28.969	10.164	0.0000	0.948	332.150	0.000	332.150	0.000
29.97	10.352	0.0000	0.981	338.291	0.000	338.291	0.000
30.969	10.522	0.0000	1.014	343.846	0.000	343.846	0.000
31.968	10.685	0.0000	1.047	349.176	0.000	349.176	0.000
32.967	10.833	0.0000	1.081	354.029	0.000	354.029	0.000
33.966	10.974	0.0000	1.114	358.641	0.000	358.641	0.000
34.964	11.107	0.0000	1.147	362.967	0.000	362.967	0.000
35.964	11.192	0.0000	1.181	365.758	0.000	365.758	0.000
36.963	11.236	0.0000	1.214	367.203	0.000	367.203	0.000
37.963	11.263	0.0000	1.247	368.059	0.000	368.059	0.000
38.961	11.217	0.0000	1.281	366.562	0.000	366.562	0.000
39.96	10.982	0.0000	1.314	358.873	0.000	358.873	0.000
40.959	10.942	0.0000	1.347	357.569	0.000	357.569	0.000
41.959	10.928	0.0000	1.380	357.114	0.000	357.114	0.000
42.956	10.820	0.0000	1.414	353.601	0.000	353.601	0.000
43.956	10.643	0.0000	1.447	347.797	0.000	347.797	0.000
44.954	10.585	0.0000	1.480	345.899	0.000	345.899	0.000
45.954	10.537	0.0000	1.514	344.359	0.000	344.359	0.000
46.951	10.430	0.0000	1.547	340.840	0.000	340.840	0.000
47.951	10.371	0.0000	1.580	338.925	0.000	338.925	0.000
48.951	10.352	0.0000	1.614	338.288	0.000	338.288	0.000
49.95	10.348	0.0000	1.647	338.176	0.000	338.176	0.000
50.949	10.352	0.0000	1.680	338.310	0.000	338.310	0.000
51.946	10.361	0.0000	1.713	338.585	0.000	338.585	0.000
52.946	10.373	0.0000	1.747	338.984	0.000	338.984	0.000
53.946	10.383	0.0000	1.780	339.314	0.000	339.314	0.000
54.945	10.390	0.0000	1.813	339.552	0.000	339.552	0.000
55.943	10.393	0.0000	1.847	339.650	0.000	339.650	0.000
56.942	10.406	0.0000	1.880	340.062	0.000	340.062	0.000
57.941	10.470	0.0000	1.913	342.141	0.000	342.141	0.000
58.94	10.525	0.0000	1.947	343.967	0.000	343.967	0.000
59.94	10.558	0.0000	1.980	345.029	0.000	345.029	0.000
60.939	10.581	0.0000	2.013	345.781	0.000	345.781	0.000
61.937	10.603	0.0000	2.046	346.490	0.000	346.490	0.000
62.937	10.625	0.0000	2.080	347.222	0.000	347.222	0.000
63.936	10.647	0.0000	2.113	347.954	0.000	347.954	0.000
64.934	10.666	0.0000	2.146	348.546	0.000	348.546	0.000
65.933	10.679	0.0000	2.180	348.984	0.000	348.984	0.000
66.933	10.659	0.0000	2.213	348.337	0.000	348.337	0.000
67.933	10.634	0.0000	2.246	347.523	0.000	347.523	0.000
68.929	10.532	0.0000	2.280	344.167	0.000	344.167	0.000
69.931	10.474	0.0000	2.313	342.275	0.000	342.275	0.000
70.93	10.511	0.0000	2.346	343.480	0.000	343.480	0.000
71.927	10.547	0.0000	2.380	344.667	0.000	344.667	0.000
72.927	10.560	0.0000	2.413	345.082	0.000	345.082	0.000
73.926	10.535	0.0000	2.446	344.268	0.000	344.268	0.000
74.925	10.465	0.0000	2.479	342.007	0.000	342.007	0.000
75.925	10.441	0.0000	2.513	341.219	0.000	341.219	0.000
76.923	10.499	0.0000	2.546	343.091	0.000	343.091	0.000
77.922	10.533	0.0000	2.579	344.219	0.000	344.219	0.000
78.921	10.537	0.0000	2.613	344.343	0.000	344.343	0.000
79.92	10.563	0.0000	2.646	345.209	0.000	345.209	0.000
80.92	10.578	0.0000	2.679	345.673	0.000	345.673	0.000
81.918	10.564	0.0000	2.713	345.212	0.000	345.212	0.000
82.917	10.540	0.0000	2.746	344.444	0.000	344.444	0.000
83.915	10.545	0.0000	2.779	344.608	0.000	344.608	0.000
84.914	10.577	0.0000	2.812	345.641	0.000	345.641	0.000
85.914	10.561	0.0000	2.846	345.131	0.000	345.131	0.000
86.913	10.473	0.0000	2.879	342.265	0.000	342.265	0.000
87.912	10.472	0.0000	2.912	342.212	0.000	342.212	0.000
88.911	10.479	0.0000	2.946	342.441	0.000	342.441	0.000
89.91	10.489	0.0000	2.979	342.765	0.000	342.765	0.000
90.909	10.464	0.0000	3.012	341.974	0.000	341.974	0.000
91.908	10.497	0.0000	3.046	343.039	0.000	343.039	0.000
92.906	10.550	0.0000	3.079	344.758	0.000	344.758	0.000
93.907	10.576	0.0000	3.112	345.618	0.000	345.618	0.000
94.906	10.563	0.0000	3.145	345.183	0.000	345.183	0.000
95.904	10.560	0.0000	3.179	345.088	0.000	345.088	0.000
96.904	10.555	0.0000	3.212	344.925	0.000	344.925	0.000
97.902	10.551	0.0000	3.245	344.788	0.000	344.788	0.000
98.901	10.588	0.0000	3.279	346.003	0.000	346.003	0.000
99.9	10.639	0.0000	3.312	347.667	0.000	347.667	0.000
100.899	10.644	0.0000	3.345	347.850	0.000	347.850	0.000
101.898	10.648	0.0000	3.379	347.977	0.000	347.977	0.000
102.896	10.671	0.0000	3.412	348.712	0.000	348.712	0.000
103.897	10.645	0.0000	3.445	347.873	0.000	347.873	0.000
104.894	10.598	0.0000	3.478	346.327	0.000	346.327	0.000
105.895	10.622	0.0000	3.512	347.114	0.000	347.114	0.000
106.894	10.565	0.0000	3.545	345.268	0.000	345.268	0.000
107.892	10.420	0.0000	3.578	340.533	0.000	340.533	0.000
108.891	10.445	0.0000	3.612	341.333	0.000	341.333	0.000
109.889	10.442	0.0000	3.645	341.248	0.000	341.248	0.000
110.889	10.436	0.0000	3.678	341.029	0.000	341.029	0.000
111.888	10.438	0.0000	3.712	341.105	0.000	341.105	0.000
112.889	10.448	0.0000	3.745	341.425	0.000	341.425	0.000
113.886	10.471	0.0000	3.778	342.199	0.000	342.199	0.000
114.886	10.458	0.0000	3.811	341.765	0.000	341.765	0.000
115.886	10.397	0.0000	3.845	339.784	0.000	339.784	0.000
116.883	10.356	0.0000	3.878	338.431	0.000	338.431	0.000
117.884	10.389	0.0000	3.911	339.500	0.000	339.500	0.000
118.881	10.450	0.0000	3.945	341.500	0.000	341.500	0.000
119.881	10.473	0.0000	3.978	342.242	0.000	342.242	0.000
120.88	10.478	0.0000	4.011	342.418	0.000	342.418	0.000
121.878	10.476	0.0000	4.045	342.346	0.000	342.346	0.000
122.878	10.481	0.0000	4.078	342.523	0.000	342.523	0.000
123.878	10.512	0.0000	4.111	343.536	0.000	343.536	0.000
124.875	10.462	0.0000	4.144	341.895	0.000	341.895	0.000
125.874	10.399	0.0000	4.178	339.846	0.000	339.846	0.000
126.874	10.371	0.0000	4.211	338.905	0.000	338.905	0.000
127.874	10.377	0.0000	4.244	339.124	0.000	339.124	0.000
128.872	10.411	0.0000	4.278	340.235	0.000	340.235	0.000
129.87	10.443	0.0000	4.311	341.268	0.000	341.268	0.000
130.87	10.474	0.0000	4.344	342.301	0.000	342.301	0.000
131.869	10.491	0.0000	4.378	342.853	0.000	342.853	0.000
132.869	10.409	0.0000	4.411	340.157	0.000	340.157	0.000
133.867	10.375	0.0000	4.444	339.065	0.000	339.065	0.000
134.866	10.398	0.0000	4.477	339.807	0.000	339.807	0.000
135.864	10.424	0.0000	4.511	340.654	0.000	340.654	0.000
136.863	10.440	0.0000	4.544	341.176	0.000	341.176	0.000
137.862	10.447	0.0000	4.577	341.408	0.000	341.408	0.000
138.86	10.456	0.0000	4.611	341.712	0.000	341.712	0.000
139.86	10.462	0.0000	4.644	341.905	0.000	341.905	0.000
140.86	10.471	0.0000	4.677	342.173	0.000	342.173	0.000
141.859	10.470	0.0000	4.711	342.163	0.000	342.163	0.000
142.857	10.460	0.0000	4.744	341.827	0.000	341.827	0.000
143.857	10.434	0.0000	4.777	340.984	0.000	340.984	0.000
144.855	10.443	0.0000	4.810	341.258	0.000	341.258	0.000
145.855	10.414	0.0000	4.844	340.314	0.000	340.314	0.000
146.854	10.290	0.0000	4.877	336.278	0.000	336.278	0.000
147.853	10.254	0.0000	4.910	335.085	0.000	335.085	0.000
148.852	10.228	0.0000	4.944	334.252	0.000	334.252	0.000
149.851	10.214	0.0000	4.977	333.788	0.000	333.788	0.000
150.848	10.239	0.0000	5.010	334.614	0.000	334.614	0.000
151.849	10.270	0.0000	5.044	335.631	0.000	335.631	0.000
152.849	10.293	0.0000	5.077	336.366	0.000	336.366	0.000
153.847	10.312	0.0000	5.110	337.000	0.000	337.000	0.000
154.845	10.319	0.0000	5.143	337.232	0.000	337.232	0.000
155.846	10.259	0.0000	5.177	335.275	0.000	335.275	0.000
156.844	10.221	0.0000	5.210	334.026	0.000	334.026	0.000
157.841	10.206	0.0000	5.243	333.536	0.000	333.536	0.000
158.842	10.224	0.0000	5.277	334.127	0.000	334.127	0.000
159.841	10.290	0.0000	5.310	336.258	0.000	336.258	0.000
160.841	10.335	0.0000	5.343	337.742	0.000	337.742	0.000
161.84	10.330	0.0000	5.377	337.595	0.000	337.595	0.000
162.839	10.312	0.0000	5.410	337.000	0.000	337.000	0.000
163.837	10.286	0.0000	5.443	336.141	0.000	336.141	0.000
164.836	10.315	0.0000	5.476	337.098	0.000	337.098	0.000
165.835	10.353	0.0000	5.510	338.333	0.000	338.333	0.000
166.834	10.365	0.0000	5.543	338.739	0.000	338.739	0.000
167.833	10.406	0.0000	5.576	340.059	0.000	340.059	0.000
168.832	10.444	0.0000	5.610	341.320	0.000	341.320	0.000
169.832	10.475	0.0000	5.643	342.307	0.000	342.307	0.000
170.829	10.502	0.0000	5.676	343.196	0.000	343.196	0.000
171.829	10.519	0.0000	5.710	343.771	0.000	343.771	0.000
172.829	10.529	0.0000	5.743	344.069	0.000	344.069	0.000
173.827	10.535	0.0000	5.776	344.268	0.000	344.268	0.000
174.826	10.539	0.0000	5.809	344.412	0.000	344.412	0.000
175.826	10.494	0.0000	5.843	342.948	0.000	342.948	0.000
176.824	10.414	0.0000	5.876	340.314	0.000	340.314	0.000
177.823	10.414	0.0000	5.909	340.310	0.000	340.310	0.000
178.823	10.458	0.0000	5.943	341.755	0.000	341.755	0.000
179.821	10.394	0.0000	5.976	339.660	0.000	339.660	0.000
180.819	10.409	0.0000	6.009	340.163	0.000	340.163	0.000
181.819	10.428	0.0000	6.043	340.778	0.000	340.778	0.000
182.818	10.441	0.0000	6.076	341.193	0.000	341.193	0.000
183.817	10.432	0.0000	6.109	340.899	0.000	340.899	0.000
184.817	10.442	0.0000	6.142	341.252	0.000	341.252	0.000
185.816	10.458	0.0000	6.176	341.752	0.000	341.752	0.000
186.814	10.468	0.0000	6.209	342.091	0.000	342.091	0.000
187.813	10.477	0.0000	6.242	342.389	0.000	342.389	0.000
188.812	10.485	0.0000	6.276	342.647	0.000	342.647	0.000
189.81	10.470	0.0000	6.309	342.150	0.000	342.150	0.000
190.809	10.354	0.0000	6.342	338.376	0.000	338.376	0.000
191.81	10.337	0.0000	6.376	337.824	0.000	337.824	0.000
192.808	10.412	0.0000	6.409	340.245	0.000	340.245	0.000
193.807	10.460	0.0000	6.442	341.830	0.000	341.830	0.000
194.806	10.516	0.0000	6.475	343.673	0.000	343.673	0.000
195.804	10.573	0.0000	6.509	345.507	0.000	345.507	0.000
196.805	10.621	0.0000	6.542	347.105	0.000	347.105	0.000
197.803	10.654	0.0000	6.575	348.154	0.000	348.154	0.000
198.802	10.676	0.0000	6.609	348.879	0.000	348.879	0.000
199.802	10.640	0.0000	6.642	347.716	0.000	347.716	0.000
200.801	10.566	0.0000	6.675	345.284	0.000	345.284	0.000
201.797	10.549	0.0000	6.709	344.752	0.000	344.752	0.000
202.798	10.539	0.0000	6.742	344.402	0.000	344.402	0.000
203.798	10.535	0.0000	6.775	344.268	0.000	344.268	0.000
204.797	10.572	0.0000	6.808	345.497	0.000	345.497	0.000
205.796	10.590	0.0000	6.842	346.091	0.000	346.091	0.000
206.796	10.570	0.0000	6.875	345.408	0.000	345.408	0.000
207.795	10.560	0.0000	6.908	345.108	0.000	345.108	0.000
208.793	10.538	0.0000	6.942	344.389	0.000	344.389	0.000
209.793	10.533	0.0000	6.975	344.199	0.000	344.199	0.000
210.79	10.553	0.0000	7.008	344.869	0.000	344.869	0.000
211.791	10.597	0.0000	7.042	346.301	0.000	346.301	0.000
212.789	10.612	0.0000	7.075	346.794	0.000	346.794	0.000
213.788	10.643	0.0000	7.108	347.804	0.000	347.804	0.000
214.786	10.665	0.0000	7.141	348.516	0.000	348.516	0.000
215.785	10.686	0.0000	7.175	349.212	0.000	349.212	0.000
216.785	10.707	0.0000	7.208	349.912	0.000	349.912	0.000
217.785	10.712	0.0000	7.241	350.049	0.000	350.049	0.000
218.784	10.723	0.0000	7.275	350.431	0.000	350.431	0.000
219.781	10.759	0.0000	7.308	351.595	0.000	351.595	0.000
220.782	10.777	0.0000	7.341	352.190	0.000	352.190	0.000
221.779	10.799	0.0000	7.375	352.918	0.000	352.918	0.000
222.78	10.807	0.0000	7.408	353.183	0.000	353.183	0.000
223.778	10.835	0.0000	7.441	354.098	0.000	354.098	0.000
224.778	10.857	0.0000	7.474	354.804	0.000	354.804	0.000
225.776	10.874	0.0000	7.508	355.356	0.000	355.356	0.000
226.775	10.889	0.0000	7.541	355.853	0.000	355.853	0.000
227.775	10.903	0.0000	7.574	356.297	0.000	356.297	0.000
228.774	10.912	0.0000	7.608	356.601	0.000	356.601	0.000
229.773	10.921	0.0000	7.641	356.905	0.000	356.905	0.000
230.771	10.933	0.0000	7.674	357.271	0.000	357.271	0.000
231.77	10.941	0.0000	7.708	357.539	0.000	357.539	0.000
232.77	10.950	0.0000	7.741	357.846	0.000	357.846	0.000
233.769	10.960	0.0000	7.774	358.183	0.000	358.183	0.000
234.768	10.968	0.0000	7.807	358.435	0.000	358.435	0.000
235.767	10.976	0.0000	7.841	358.699	0.000	358.699	0.000
236.766	10.985	0.0000	7.874	358.990	0.000	358.990	0.000
237.764	10.992	0.0000	7.907	359.225	0.000	359.225	0.000
238.763	11.001	0.0000	7.941	359.493	0.000	359.493	0.000
239.762	11.008	0.0000	7.974	359.748	0.000	359.748	0.000
240.761	11.016	0.0000	8.007	359.993	0.000	359.993	0.000
241.76	11.023	0.0000	8.041	360.219	0.000	360.219	0.000
242.759	11.030	0.0000	8.074	360.471	0.000	360.471	0.000
243.759	11.037	0.0000	8.107	360.696	0.000	360.696	0.000
244.758	11.044	0.0000	8.140	360.905	0.000	360.905	0.000
245.756	11.051	0.0000	8.174	361.137	0.000	361.137	0.000
246.756	11.057	0.0000	8.207	361.350	0.000	361.350	0.000
247.754	11.064	0.0000	8.240	361.569	0.000	361.569	0.000
248.754	11.072	0.0000	8.274	361.817	0.000	361.817	0.000
249.753	11.078	0.0000	8.307	362.029	0.000	362.029	0.000
250.752	11.084	0.0000	8.340	362.225	0.000	362.225	0.000
251.75	11.092	0.0000	8.374	362.477	0.000	362.477	0.000
252.75	11.099	0.0000	8.407	362.703	0.000	362.703	0.000
253.748	11.106	0.0000	8.440	362.928	0.000	362.928	0.000
254.748	11.112	0.0000	8.473	363.134	0.000	363.134	0.000
255.747	11.118	0.0000	8.507	363.324	0.000	363.324	0.000
256.745	11.125	0.0000	8.540	363.565	0.000	363.565	0.000
257.744	11.132	0.0000	8.573	363.791	0.000	363.791	0.000
258.743	11.138	0.0000	8.607	363.984	0.000	363.984	0.000
259.74	11.145	0.0000	8.640	364.212	0.000	364.212	0.000
260.742	11.152	0.0000	8.673	364.428	0.000	364.428	0.000
261.741	11.157	0.0000	8.707	364.618	0.000	364.618	0.000
262.739	11.164	0.0000	8.740	364.824	0.000	364.824	0.000
263.736	11.170	0.0000	8.773	365.046	0.000	365.046	0.000
264.738	11.177	0.0000	8.807	365.252	0.000	365.252	0.000
265.737	11.183	0.0000	8.840	365.454	0.000	365.454	0.000
266.736	11.189	0.0000	8.873	365.654	0.000	365.654	0.000
267.734	11.195	0.0000	8.906	365.859	0.000	365.859	0.000
268.734	11.202	0.0000	8.940	366.082	0.000	366.082	0.000
269.731	11.208	0.0000	8.973	366.281	0.000	366.281	0.000
270.733	11.214	0.0000	9.006	366.454	0.000	366.454	0.000
271.731	11.220	0.0000	9.040	366.663	0.000	366.663	0.000
272.73	11.227	0.0000	9.073	366.882	0.000	366.882	0.000
273.73	11.233	0.0000	9.106	367.085	0.000	367.085	0.000
274.728	11.239	0.0000	9.140	367.281	0.000	367.281	0.000
275.727	11.245	0.0000	9.173	367.480	0.000	367.480	0.000
276.726	11.250	0.0000	9.206	367.634	0.000	367.634	0.000
277.725	11.256	0.0000	9.239	367.840	0.000	367.840	0.000
278.724	11.262	0.0000	9.273	368.026	0.000	368.026	0.000
279.723	11.266	0.0000	9.306	368.183	0.000	368.183	0.000
280.722	11.273	0.0000	9.339	368.386	0.000	368.386	0.000
281.719	11.279	0.0000	9.373	368.585	0.000	368.585	0.000
282.721	11.285	0.0000	9.406	368.801	0.000	368.801	0.000
283.719	11.291	0.0000	9.439	368.987	0.000	368.987	0.000
284.719	11.296	0.0000	9.473	369.154	0.000	369.154	0.000
285.717	11.302	0.0000	9.506	369.333	0.000	369.333	0.000
286.715	11.307	0.0000	9.539	369.510	0.000	369.510	0.000
287.715	11.313	0.0000	9.572	369.693	0.000	369.693	0.000
288.713	11.318	0.0000	9.606	369.859	0.000	369.859	0.000
289.711	11.324	0.0000	9.639	370.049	0.000	370.049	0.000
290.712	11.329	0.0000	9.672	370.235	0.000	370.235	0.000
291.711	11.334	0.0000	9.706	370.405	0.000	370.405	0.000
292.71	11.340	0.0000	9.739	370.575	0.000	370.575	0.000
293.708	11.344	0.0000	9.772	370.732	0.000	370.732	0.000
294.707	11.351	0.0000	9.806	370.951	0.000	370.951	0.000
295.707	11.357	0.0000	9.839	371.134	0.000	371.134	0.000
296.707	11.362	0.0000	9.872	371.304	0.000	371.304	0.000
297.706	11.366	0.0000	9.905	371.451	0.000	371.451	0.000
298.705	11.372	0.0000	9.939	371.637	0.000	371.637	0.000
299.704	11.378	0.0000	9.972	371.814	0.000	371.814	0.000
300.703	11.383	0.0000	10.005	371.980	0.000	371.980	0.000
301.702	11.387	0.0000	10.039	372.124	0.000	372.124	0.000
302.699	11.392	0.0000	10.072	372.284	0.000	372.284	0.000
303.7	11.397	0.0000	10.105	372.454	0.000	372.454	0.000
304.699	11.402	0.0000	10.139	372.608	0.000	372.608	0.000
305.697	11.407	0.0000	10.172	372.775	0.000	372.775	0.000
306.697	11.412	0.0000	10.205	372.935	0.000	372.935	0.000
307.695	11.417	0.0000	10.238	373.098	0.000	373.098	0.000
308.694	11.421	0.0000	10.272	373.248	0.000	373.248	0.000
309.693	11.427	0.0000	10.305	373.415	0.000	373.415	0.000
310.692	11.431	0.0000	10.338	373.549	0.000	373.549	0.000
311.691	11.436	0.0000	10.372	373.716	0.000	373.716	0.000
312.69	11.441	0.0000	10.405	373.892	0.000	373.892	0.000
313.689	11.445	0.0000	10.438	374.020	0.000	374.020	0.000
314.689	11.450	0.0000	10.472	374.176	0.000	374.176	0.000
315.688	11.455	0.0000	10.505	374.337	0.000	374.337	0.000
316.686	11.460	0.0000	10.538	374.503	0.000	374.503	0.000
317.685	11.465	0.0000	10.571	374.670	0.000	374.670	0.000
318.684	11.468	0.0000	10.605	374.771	0.000	374.771	0.000
319.684	11.473	0.0000	10.638	374.931	0.000	374.931	0.000
320.683	11.477	0.0000	10.671	375.078	0.000	375.078	0.000
321.682	11.482	0.0000	10.705	375.235	0.000	375.235	0.000
322.681	11.487	0.0000	10.738	375.402	0.000	375.402	0.000
323.679	11.491	0.0000	10.771	375.529	0.000	375.529	0.000
324.678	11.495	0.0000	10.805	375.654	0.000	375.654	0.000
325.678	11.500	0.0000	10.838	375.810	0.000	375.810	0.000
326.677	11.505	0.0000	10.871	375.974	0.000	375.974	0.000
327.676	11.509	0.0000	10.904	376.101	0.000	376.101	0.000
328.675	11.513	0.0000	10.938	376.255	0.000	376.255	0.000
329.673	11.518	0.0000	10.971	376.412	0.000	376.412	0.000
330.673	11.522	0.0000	11.004	376.542	0.000	376.542	0.000
331.672	11.526	0.0000	11.038	376.673	0.000	376.673	0.000
332.671	11.530	0.0000	11.071	376.807	0.000	376.807	0.000
333.67	11.535	0.0000	11.104	376.961	0.000	376.961	0.000
334.668	11.540	0.0000	11.138	377.131	0.000	377.131	0.000
335.668	11.545	0.0000	11.171	377.288	0.000	377.288	0.000
336.667	11.548	0.0000	11.204	377.392	0.000	377.392	0.000
337.666	11.552	0.0000	11.237	377.520	0.000	377.520	0.000
338.665	11.556	0.0000	11.271	377.637	0.000	377.637	0.000
339.664	11.560	0.0000	11.304	377.778	0.000	377.778	0.000
340.663	11.564	0.0000	11.337	377.915	0.000	377.915	0.000
341.662	11.568	0.0000	11.371	378.046	0.000	378.046	0.000
342.661	11.573	0.0000	11.404	378.193	0.000	378.193	0.000
343.66	11.576	0.0000	11.437	378.304	0.000	378.304	0.000
344.658	11.580	0.0000	11.471	378.431	0.000	378.431	0.000
345.658	11.585	0.0000	11.504	378.595	0.000	378.595	0.000
346.657	11.589	0.0000	11.537	378.739	0.000	378.739	0.000
347.656	11.592	0.0000	11.570	378.824	0.000	378.824	0.000
348.655	11.596	0.0000	11.604	378.941	0.000	378.941	0.000
349.653	11.600	0.0000	11.637	379.085	0.000	379.085	0.000
350.653	11.605	0.0000	11.670	379.242	0.000	379.242	0.000
351.652	11.608	0.0000	11.704	379.353	0.000	379.353	0.000
352.651	11.611	0.0000	11.737	379.444	0.000	379.444	0.000
353.651	11.615	0.0000	11.770	379.575	0.000	379.575	0.000
354.649	11.619	0.0000	11.804	379.716	0.000	379.716	0.000
355.648	11.624	0.0000	11.837	379.859	0.000	379.859	0.000
356.647	11.626	0.0000	11.870	379.944	0.000	379.944	0.000
357.646	11.630	0.0000	11.903	380.065	0.000	380.065	0.000
358.645	11.635	0.0000	11.937	380.229	0.000	380.229	0.000
359.644	11.638	0.0000	11.970	380.320	0.000	380.320	0.000
360.644	11.641	0.0000	12.003	380.422	0.000	380.422	0.000
361.642	11.645	0.0000	12.037	380.556	0.000	380.556	0.000
362.641	11.649	0.0000	12.070	380.699	0.000	380.699	0.000
363.64	11.653	0.0000	12.103	380.801	0.000	380.801	0.000
364.639	11.656	0.0000	12.137	380.899	0.000	380.899	0.000
365.639	11.660	0.0000	12.170	381.046	0.000	381.046	0.000
366.635	11.663	0.0000	12.203	381.137	0.000	381.137	0.000
367.636	11.666	0.0000	12.236	381.245	0.000	381.245	0.000
368.635	11.670	0.0000	12.270	381.373	0.000	381.373	0.000
369.634	11.674	0.0000	12.303	381.497	0.000	381.497	0.000
370.633	11.676	0.0000	12.336	381.569	0.000	381.569	0.000
371.632	11.680	0.0000	12.370	381.699	0.000	381.699	0.000
372.63	11.684	0.0000	12.403	381.830	0.000	381.830	0.000
373.631	11.687	0.0000	12.436	381.931	0.000	381.931	0.000
374.629	11.690	0.0000	12.470	382.026	0.000	382.026	0.000
375.629	11.695	0.0000	12.503	382.176	0.000	382.176	0.000
376.627	11.699	0.0000	12.536	382.314	0.000	382.314	0.000
377.625	11.701	0.0000	12.569	382.369	0.000	382.369	0.000
378.626	11.705	0.0000	12.603	382.516	0.000	382.516	0.000
379.624	11.707	0.0000	12.636	382.585	0.000	382.585	0.000
380.623	11.710	0.0000	12.669	382.680	0.000	382.680	0.000
381.623	11.711	0.0000	12.703	382.696	0.000	382.696	0.000
382.621	11.715	0.0000	12.736	382.843	0.000	382.843	0.000
383.62	11.720	0.0000	12.769	382.993	0.000	382.993	0.000
384.62	11.724	0.0000	12.803	383.131	0.000	383.131	0.000
385.618	11.727	0.0000	12.836	383.235	0.000	383.235	0.000
386.618	11.730	0.0000	12.869	383.333	0.000	383.333	0.000
387.615	11.733	0.0000	12.902	383.431	0.000	383.431	0.000
388.615	11.735	0.0000	12.936	383.497	0.000	383.497	0.000
389.614	11.740	0.0000	12.969	383.657	0.000	383.657	0.000
390.613	11.742	0.0000	13.002	383.732	0.000	383.732	0.000
391.612	11.745	0.0000	13.036	383.824	0.000	383.824	0.000
392.611	11.749	0.0000	13.069	383.944	0.000	383.944	0.000
393.609	11.752	0.0000	13.102	384.042	0.000	384.042	0.000
394.61	11.755	0.0000	13.136	384.150	0.000	384.150	0.000
395.608	11.760	0.0000	13.169	384.301	0.000	384.301	0.000
396.607	11.760	0.0000	13.202	384.314	0.000	384.314	0.000
397.606	11.765	0.0000	13.235	384.461	0.000	384.461	0.000
398.606	11.766	0.0000	13.269	384.520	0.000	384.520	0.000
399.603	11.770	0.0000	13.302	384.641	0.000	384.641	0.000
400.603	11.770	0.0000	13.335	384.650	0.000	384.650	0.000
401.603	11.775	0.0000	13.369	384.804	0.000	384.804	0.000
402.601	11.778	0.0000	13.402	384.912	0.000	384.912	0.000
403.599	11.780	0.0000	13.435	384.967	0.000	384.967	0.000
404.6	11.784	0.0000	13.469	385.091	0.000	385.091	0.000
405.597	11.785	0.0000	13.502	385.131	0.000	385.131	0.000
406.598	11.790	0.0000	13.535	385.291	0.000	385.291	0.000
407.595	11.790	0.0000	13.568	385.304	0.000	385.304	0.000
408.595	11.795	0.0000	13.602	385.458	0.000	385.458	0.000
409.593	11.796	0.0000	13.635	385.500	0.000	385.500	0.000
410.594	11.800	0.0000	13.668	385.621	0.000	385.621	0.000
411.593	11.803	0.0000	13.702	385.706	0.000	385.706	0.000
412.591	11.805	0.0000	13.735	385.784	0.000	385.784	0.000
413.59	11.807	0.0000	13.768	385.850	0.000	385.850	0.000
414.589	11.810	0.0000	13.802	385.948	0.000	385.948	0.000
415.589	11.814	0.0000	13.835	386.078	0.000	386.078	0.000
416.587	11.815	0.0000	13.868	386.111	0.000	386.111	0.000
417.586	11.819	0.0000	13.901	386.235	0.000	386.235	0.000
418.585	11.821	0.0000	13.935	386.314	0.000	386.314	0.000
419.582	11.825	0.0000	13.968	386.438	0.000	386.438	0.000
420.582	11.826	0.0000	14.001	386.467	0.000	386.467	0.000
421.582	11.830	0.0000	14.035	386.601	0.000	386.601	0.000
422.582	11.833	0.0000	14.068	386.693	0.000	386.693	0.000
423.58	11.835	0.0000	14.101	386.765	0.000	386.765	0.000
424.58	11.838	0.0000	14.135	386.859	0.000	386.859	0.000
425.579	11.840	0.0000	14.168	386.928	0.000	386.928	0.000
426.577	11.841	0.0000	14.201	386.958	0.000	386.958	0.000
427.576	11.845	0.0000	14.234	387.091	0.000	387.091	0.000
428.574	11.845	0.0000	14.268	387.098	0.000	387.098	0.000
429.574	11.850	0.0000	14.301	387.245	0.000	387.245	0.000
430.574	11.850	0.0000	14.334	387.255	0.000	387.255	0.000
431.571	11.855	0.0000	14.368	387.412	0.000	387.412	0.000
432.572	11.856	0.0000	14.401	387.444	0.000	387.444	0.000
433.57	11.860	0.0000	14.434	387.582	0.000	387.582	0.000
434.569	11.860	0.0000	14.468	387.582	0.000	387.582	0.000
435.569	11.864	0.0000	14.501	387.725	0.000	387.725	0.000
436.568	11.865	0.0000	14.534	387.745	0.000	387.745	0.000
437.566	11.869	0.0000	14.567	387.886	0.000	387.886	0.000
438.565	11.870	0.0000	14.601	387.908	0.000	387.908	0.000
439.564	11.872	0.0000	14.634	387.967	0.000	387.967	0.000
440.564	11.875	0.0000	14.667	388.072	0.000	388.072	0.000
441.562	11.876	0.0000	14.701	388.118	0.000	388.118	0.000
442.562	11.880	0.0000	14.734	388.235	0.000	388.235	0.000
443.56	11.880	0.0000	14.767	388.235	0.000	388.235	0.000
444.56	11.885	0.0000	14.801	388.392	0.000	388.392	0.000
445.558	11.885	0.0000	14.834	388.399	0.000	388.399	0.000
446.556	11.889	0.0000	14.867	388.513	0.000	388.513	0.000
447.556	11.890	0.0000	14.900	388.562	0.000	388.562	0.000
448.557	11.892	0.0000	14.934	388.611	0.000	388.611	0.000
449.554	11.895	0.0000	14.967	388.725	0.000	388.725	0.000
450.553	11.895	0.0000	15.000	388.725	0.000	388.725	0.000
451.551	11.899	0.0000	15.034	388.869	0.000	388.869	0.000
452.553	11.900	0.0000	15.067	388.889	0.000	388.889	0.000
453.551	11.904	0.0000	15.100	389.010	0.000	389.010	0.000
454.549	11.905	0.0000	15.134	389.052	0.000	389.052	0.000
455.548	11.908	0.0000	15.167	389.154	0.000	389.154	0.000
456.547	11.910	0.0000	15.200	389.216	0.000	389.216	0.000
457.547	11.910	0.0000	15.233	389.216	0.000	389.216	0.000
458.544	11.914	0.0000	15.267	389.350	0.000	389.350	0.000
459.545	11.915	0.0000	15.300	389.379	0.000	389.379	0.000
460.543	11.915	0.0000	15.333	389.379	0.000	389.379	0.000
461.542	11.919	0.0000	15.367	389.516	0.000	389.516	0.000
462.543	11.920	0.0000	15.400	389.542	0.000	389.542	0.000
463.54	11.923	0.0000	15.433	389.654	0.000	389.654	0.000
464.54	11.925	0.0000	15.467	389.706	0.000	389.706	0.000
465.539	11.926	0.0000	15.500	389.735	0.000	389.735	0.000
466.539	11.930	0.0000	15.533	389.869	0.000	389.869	0.000
467.536	11.930	0.0000	15.566	389.869	0.000	389.869	0.000
468.536	11.933	0.0000	15.600	389.971	0.000	389.971	0.000
469.534	11.935	0.0000	15.633	390.033	0.000	390.033	0.000
470.534	11.936	0.0000	15.666	390.065	0.000	390.065	0.000
471.534	11.940	0.0000	15.700	390.196	0.000	390.196	0.000
472.53	11.940	0.0000	15.733	390.196	0.000	390.196	0.000
473.532	11.940	0.0000	15.766	390.196	0.000	390.196	0.000
474.528	11.942	0.0000	15.800	390.271	0.000	390.271	0.000
475.529	11.945	0.0000	15.833	390.359	0.000	390.359	0.000
476.527	11.946	0.0000	15.866	390.392	0.000	390.392	0.000
477.525	11.950	0.0000	15.899	390.523	0.000	390.523	0.000
478.524	11.950	0.0000	15.933	390.523	0.000	390.523	0.000
479.524	11.953	0.0000	15.966	390.611	0.000	390.611	0.000
480.525	11.955	0.0000	15.999	390.686	0.000	390.686	0.000
481.524	11.955	0.0000	16.033	390.690	0.000	390.690	0.000
482.521	11.960	0.0000	16.066	390.850	0.000	390.850	0.000
483.519	11.960	0.0000	16.099	390.850	0.000	390.850	0.000
484.519	11.962	0.0000	16.133	390.918	0.000	390.918	0.000
485.517	11.965	0.0000	16.166	391.013	0.000	391.013	0.000
486.519	11.965	0.0000	16.199	391.013	0.000	391.013	0.000
487.518	11.965	0.0000	16.232	391.013	0.000	391.013	0.000
488.515	11.969	0.0000	16.266	391.154	0.000	391.154	0.000
489.513	11.970	0.0000	16.299	391.176	0.000	391.176	0.000
490.513	11.970	0.0000	16.332	391.176	0.000	391.176	0.000
491.511	11.973	0.0000	16.366	391.258	0.000	391.258	0.000
492.511	11.975	0.0000	16.399	391.340	0.000	391.340	0.000
493.51	11.975	0.0000	16.432	391.340	0.000	391.340	0.000
494.511	11.978	0.0000	16.466	391.431	0.000	391.431	0.000
495.508	11.980	0.0000	16.499	391.503	0.000	391.503	0.000
496.507	11.980	0.0000	16.532	391.503	0.000	391.503	0.000
497.506	11.983	0.0000	16.565	391.591	0.000	391.591	0.000
498.505	11.985	0.0000	16.599	391.667	0.000	391.667	0.000
499.505	11.985	0.0000	16.632	391.667	0.000	391.667	0.000
500.503	11.987	0.0000	16.665	391.739	0.000	391.739	0.000
501.502	11.990	0.0000	16.699	391.830	0.000	391.830	0.000
502.501	11.990	0.0000	16.732	391.830	0.000	391.830	0.000
503.5	11.990	0.0000	16.765	391.830	0.000	391.830	0.000
504.499	11.993	0.0000	16.799	391.928	0.000	391.928	0.000
505.5	11.995	0.0000	16.832	391.993	0.000	391.993	0.000
506.497	11.995	0.0000	16.865	391.993	0.000	391.993	0.000
507.498	11.995	0.0000	16.898	391.997	0.000	391.997	0.000
508.495	12.000	0.0000	16.932	392.157	0.000	392.157	0.000
509.496	12.000	0.0000	16.965	392.157	0.000	392.157	0.000
510.495	12.003	0.0000	16.998	392.242	0.000	392.242	0.000
511.492	12.005	0.0000	17.032	392.320	0.000	392.320	0.000
512.491	12.005	0.0000	17.065	392.320	0.000	392.320	0.000
513.491	12.006	0.0000	17.098	392.366	0.000	392.366	0.000
514.491	12.010	0.0000	17.132	392.484	0.000	392.484	0.000
515.49	12.010	0.0000	17.165	392.484	0.000	392.484	0.000
516.487	12.010	0.0000	17.198	392.484	0.000	392.484	0.000
517.489	12.014	0.0000	17.231	392.611	0.000	392.611	0.000
518.486	12.015	0.0000	17.265	392.647	0.000	392.647	0.000
519.485	12.015	0.0000	17.298	392.647	0.000	392.647	0.000
520.483	12.015	0.0000	17.331	392.647	0.000	392.647	0.000
521.483	12.015	0.0000	17.365	392.647	0.000	392.647	0.000
522.484	12.020	0.0000	17.398	392.810	0.000	392.810	0.000
523.482	12.020	0.0000	17.431	392.810	0.000	392.810	0.000
524.48	12.020	0.0000	17.465	392.810	0.000	392.810	0.000
525.48	12.020	0.0000	17.498	392.810	0.000	392.810	0.000
526.478	12.024	0.0000	17.531	392.954	0.000	392.954	0.000
527.478	12.025	0.0000	17.564	392.974	0.000	392.974	0.000
528.477	12.025	0.0000	17.598	392.974	0.000	392.974	0.000
529.476	12.025	0.0000	17.631	392.974	0.000	392.974	0.000
530.475	12.028	0.0000	17.664	393.056	0.000	393.056	0.000
531.473	12.030	0.0000	17.698	393.137	0.000	393.137	0.000
532.472	12.030	0.0000	17.731	393.137	0.000	393.137	0.000
533.472	12.030	0.0000	17.764	393.137	0.000	393.137	0.000
534.471	12.032	0.0000	17.798	393.209	0.000	393.209	0.000
535.468	12.035	0.0000	17.831	393.301	0.000	393.301	0.000
536.467	12.035	0.0000	17.864	393.301	0.000	393.301	0.000
537.466	12.035	0.0000	17.897	393.301	0.000	393.301	0.000
538.467	12.036	0.0000	17.931	393.324	0.000	393.324	0.000
539.465	12.040	0.0000	17.964	393.464	0.000	393.464	0.000
540.465	12.040	0.0000	17.997	393.464	0.000	393.464	0.000
541.462	12.040	0.0000	18.031	393.464	0.000	393.464	0.000
542.462	12.040	0.0000	18.064	393.464	0.000	393.464	0.000
543.462	12.043	0.0000	18.097	393.546	0.000	393.546	0.000
544.461	12.045	0.0000	18.131	393.627	0.000	393.627	0.000
545.46	12.045	0.0000	18.164	393.627	0.000	393.627	0.000
546.459	12.045	0.0000	18.197	393.627	0.000	393.627	0.000
547.458	12.045	0.0000	18.231	393.627	0.000	393.627	0.000
548.457	12.045	0.0000	18.264	393.627	0.000	393.627	0.000
549.455	12.049	0.0000	18.297	393.748	0.000	393.748	0.000
550.455	12.050	0.0000	18.330	393.791	0.000	393.791	0.000
551.454	12.050	0.0000	18.364	393.791	0.000	393.791	0.000
552.452	12.050	0.0000	18.397	393.791	0.000	393.791	0.000
553.453	12.050	0.0000	18.430	393.791	0.000	393.791	0.000
554.451	12.050	0.0000	18.464	393.801	0.000	393.801	0.000
555.451	12.055	0.0000	18.497	393.954	0.000	393.954	0.000
556.449	12.055	0.0000	18.530	393.954	0.000	393.954	0.000
557.448	12.055	0.0000	18.564	393.954	0.000	393.954	0.000
558.447	12.055	0.0000	18.597	393.954	0.000	393.954	0.000
559.446	12.056	0.0000	18.630	393.990	0.000	393.990	0.000
560.446	12.060	0.0000	18.663	394.118	0.000	394.118	0.000
561.444	12.060	0.0000	18.697	394.118	0.000	394.118	0.000
562.443	12.060	0.0000	18.730	394.118	0.000	394.118	0.000
563.441	12.060	0.0000	18.763	394.118	0.000	394.118	0.000
564.441	12.060	0.0000	18.797	394.118	0.000	394.118	0.000
565.44	12.064	0.0000	18.830	394.245	0.000	394.245	0.000
566.439	12.065	0.0000	18.863	394.281	0.000	394.281	0.000
567.438	12.065	0.0000	18.897	394.281	0.000	394.281	0.000
568.437	12.065	0.0000	18.930	394.281	0.000	394.281	0.000
569.437	12.065	0.0000	18.963	394.281	0.000	394.281	0.000
570.434	12.065	0.0000	18.996	394.281	0.000	394.281	0.000
571.434	12.065	0.0000	19.030	394.281	0.000	394.281	0.000
572.432	12.066	0.0000	19.063	394.320	0.000	394.320	0.000
573.433	12.070	0.0000	19.096	394.444	0.000	394.444	0.000
574.432	12.070	0.0000	19.130	394.444	0.000	394.444	0.000
575.431	12.070	0.0000	19.163	394.444	0.000	394.444	0.000
576.428	12.070	0.0000	19.196	394.444	0.000	394.444	0.000
577.428	12.070	0.0000	19.230	394.444	0.000	394.444	0.000
578.427	12.070	0.0000	19.263	394.444	0.000	394.444	0.000
579.428	12.075	0.0000	19.296	394.601	0.000	394.601	0.000
580.427	12.075	0.0000	19.329	394.608	0.000	394.608	0.000
581.425	12.075	0.0000	19.363	394.608	0.000	394.608	0.000
582.424	12.075	0.0000	19.396	394.608	0.000	394.608	0.000
583.42	12.075	0.0000	19.429	394.608	0.000	394.608	0.000
584.422	12.075	0.0000	19.463	394.608	0.000	394.608	0.000
585.42	12.078	0.0000	19.496	394.703	0.000	394.703	0.000
586.419	12.080	0.0000	19.529	394.771	0.000	394.771	0.000
587.418	12.080	0.0000	19.563	394.771	0.000	394.771	0.000
588.417	12.080	0.0000	19.596	394.771	0.000	394.771	0.000
589.414	12.080	0.0000	19.629	394.771	0.000	394.771	0.000
590.415	12.080	0.0000	19.662	394.771	0.000	394.771	0.000
591.415	12.080	0.0000	19.696	394.771	0.000	394.771	0.000
592.412	12.082	0.0000	19.729	394.827	0.000	394.827	0.000
593.413	12.085	0.0000	19.762	394.935	0.000	394.935	0.000
594.41	12.085	0.0000	19.796	394.935	0.000	394.935	0.000
595.41	12.085	0.0000	19.829	394.935	0.000	394.935	0.000
596.409	12.085	0.0000	19.862	394.935	0.000	394.935	0.000
597.409	12.085	0.0000	19.896	394.935	0.000	394.935	0.000
598.407	12.085	0.0000	19.929	394.935	0.000	394.935	0.000
599.406	12.085	0.0000	19.962	394.935	0.000	394.935	0.000
600.405	12.085	0.0000	19.995	394.935	0.000	394.935	0.000
601.404	12.089	0.0000	20.029	395.069	0.000	395.069	0.000
602.403	12.090	0.0000	20.062	395.098	0.000	395.098	0.000
603.403	12.090	0.0000	20.095	395.098	0.000	395.098	0.000
604.401	12.090	0.0000	20.129	395.098	0.000	395.098	0.000
605.4	12.090	0.0000	20.162	395.098	0.000	395.098	0.000
606.398	12.090	0.0000	20.195	395.098	0.000	395.098	0.000
607.398	12.090	0.0000	20.229	395.098	0.000	395.098	0.000
608.398	12.090	0.0000	20.262	395.098	0.000	395.098	0.000
609.395	12.090	0.0000	20.295	395.098	0.000	395.098	0.000
610.396	12.090	0.0000	20.328	395.098	0.000	395.098	0.000
611.395	12.095	0.0000	20.362	395.255	0.000	395.255	0.000
612.393	12.095	0.0000	20.395	395.261	0.000	395.261	0.000
613.393	12.095	0.0000	20.428	395.261	0.000	395.261	0.000
614.391	12.095	0.0000	20.462	395.261	0.000	395.261	0.000
615.39	12.095	0.0000	20.495	395.261	0.000	395.261	0.000
616.389	12.095	0.0000	20.528	395.261	0.000	395.261	0.000
617.388	12.095	0.0000	20.562	395.261	0.000	395.261	0.000
618.387	12.095	0.0000	20.595	395.261	0.000	395.261	0.000
619.387	12.095	0.0000	20.628	395.261	0.000	395.261	0.000
620.387	12.095	0.0000	20.661	395.261	0.000	395.261	0.000
621.385	12.097	0.0000	20.695	395.333	0.000	395.333	0.000
622.384	12.100	0.0000	20.728	395.425	0.000	395.425	0.000
623.384	12.100	0.0000	20.761	395.425	0.000	395.425	0.000
624.381	12.100	0.0000	20.795	395.425	0.000	395.425	0.000
625.381	12.100	0.0000	20.828	395.425	0.000	395.425	0.000
626.379	12.100	0.0000	20.861	395.425	0.000	395.425	0.000
627.379	12.100	0.0000	20.895	395.425	0.000	395.425	0.000
628.378	12.100	0.0000	20.928	395.425	0.000	395.425	0.000
629.377	12.100	0.0000	20.961	395.425	0.000	395.425	0.000
630.376	12.100	0.0000	20.994	395.425	0.000	395.425	0.000
631.375	12.100	0.0000	21.028	395.425	0.000	395.425	0.000
632.374	12.100	0.0000	21.061	395.425	0.000	395.425	0.000
633.374	12.100	0.0000	21.094	395.425	0.000	395.425	0.000
634.372	12.102	0.0000	21.128	395.474	0.000	395.474	0.000
635.369	12.103	0.0000	21.161	395.536	0.000	395.536	0.000
636.37	12.105	0.0000	21.194	395.588	0.000	395.588	0.000
637.369	12.105	0.0000	21.228	395.588	0.000	395.588	0.000
638.369	12.105	0.0000	21.261	395.588	0.000	395.588	0.000
639.366	12.105	0.0000	21.294	395.588	0.000	395.588	0.000
640.366	12.105	0.0000	21.327	395.585	0.000	395.585	0.000
641.364	12.105	0.0000	21.361	395.588	0.000	395.588	0.000
642.362	12.105	0.0000	21.394	395.588	0.000	395.588	0.000
643.364	12.105	0.0000	21.427	395.588	0.000	395.588	0.000
644.361	12.105	0.0000	21.461	395.588	0.000	395.588	0.000
645.36	12.105	0.0000	21.494	395.588	0.000	395.588	0.000
646.361	12.105	0.0000	21.527	395.588	0.000	395.588	0.000
647.359	12.105	0.0000	21.561	395.588	0.000	395.588	0.000
648.357	12.105	0.0000	21.594	395.588	0.000	395.588	0.000
649.358	12.105	0.0000	21.627	395.588	0.000	395.588	0.000
650.355	12.105	0.0000	21.660	395.588	0.000	395.588	0.000
651.355	12.105	0.0000	21.694	395.588	0.000	395.588	0.000
652.353	12.105	0.0000	21.727	395.588	0.000	395.588	0.000
653.352	12.105	0.0000	21.760	395.588	0.000	395.588	0.000
654.35	12.105	0.0000	21.794	395.588	0.000	395.588	0.000
655.351	12.105	0.0000	21.827	395.588	0.000	395.588	0.000
656.35	12.105	0.0000	21.860	395.588	0.000	395.588	0.000
657.35	12.105	0.0000	21.894	395.588	0.000	395.588	0.000
658.348	12.105	0.0000	21.927	395.588	0.000	395.588	0.000
659.348	12.107	0.0000	21.960	395.654	0.000	395.654	0.000
660.346	12.110	0.0000	21.993	395.752	0.000	395.752	0.000
661.345	12.105	0.0000	22.027	395.598	0.000	395.598	0.000
662.344	12.105	0.0000	22.060	395.588	0.000	395.588	0.000
663.344	12.109	0.0000	22.093	395.732	0.000	395.732	0.000
664.342	12.110	0.0000	22.127	395.752	0.000	395.752	0.000
665.342	12.109	0.0000	22.160	395.722	0.000	395.722	0.000
666.341	12.107	0.0000	22.193	395.660	0.000	395.660	0.000
667.34	12.105	0.0000	22.227	395.601	0.000	395.601	0.000
668.34	12.105	0.0000	22.260	395.588	0.000	395.588	0.000
669.337	12.105	0.0000	22.293	395.588	0.000	395.588	0.000
670.335	12.105	0.0000	22.326	395.588	0.000	395.588	0.000
671.336	12.105	0.0000	22.360	395.595	0.000	395.595	0.000
672.333	12.105	0.0000	22.393	395.588	0.000	395.588	0.000
673.333	12.106	0.0000	22.426	395.627	0.000	395.627	0.000
674.332	12.110	0.0000	22.460	395.752	0.000	395.752	0.000
675.332	12.110	0.0000	22.493	395.752	0.000	395.752	0.000
676.33	12.105	0.0000	22.526	395.588	0.000	395.588	0.000
677.329	12.105	0.0000	22.560	395.588	0.000	395.588	0.000
678.329	12.106	0.0000	22.593	395.608	0.000	395.608	0.000
679.328	12.107	0.0000	22.626	395.644	0.000	395.644	0.000
680.325	12.105	0.0000	22.659	395.588	0.000	395.588	0.000
681.325	12.105	0.0000	22.693	395.588	0.000	395.588	0.000
682.325	12.105	0.0000	22.726	395.601	0.000	395.601	0.000
683.324	12.105	0.0000	22.759	395.588	0.000	395.588	0.000
684.324	12.105	0.0000	22.793	395.588	0.000	395.588	0.000
685.321	12.105	0.0000	22.826	395.588	0.000	395.588	0.000
686.319	12.105	0.0000	22.859	395.588	0.000	395.588	0.000
687.318	12.105	0.0000	22.893	395.588	0.000	395.588	0.000
688.318	12.105	0.0000	22.926	395.588	0.000	395.588	0.000
689.317	12.105	0.0000	22.959	395.588	0.000	395.588	0.000
690.315	12.105	0.0000	22.992	395.588	0.000	395.588	0.000
691.314	12.105	0.0000	23.026	395.588	0.000	395.588	0.000
692.313	12.105	0.0000	23.059	395.588	0.000	395.588	0.000
693.313	12.105	0.0000	23.092	395.588	0.000	395.588	0.000
694.312	12.105	0.0000	23.126	395.588	0.000	395.588	0.000
695.312	12.105	0.0000	23.159	395.588	0.000	395.588	0.000
696.31	12.105	0.0000	23.192	395.588	0.000	395.588	0.000
697.31	12.105	0.0000	23.226	395.588	0.000	395.588	0.000
698.31	12.105	0.0000	23.259	395.588	0.000	395.588	0.000
699.306	12.105	0.0000	23.292	395.588	0.000	395.588	0.000
700.306	12.105	0.0000	23.325	395.588	0.000	395.588	0.000
701.305	12.105	0.0000	23.359	395.588	0.000	395.588	0.000
702.304	12.105	0.0000	23.392	395.588	0.000	395.588	0.000
703.302	12.105	0.0000	23.425	395.588	0.000	395.588	0.000
704.301	12.105	0.0000	23.459	395.588	0.000	395.588	0.000
705.303	12.105	0.0000	23.492	395.588	0.000	395.588	0.000
706.299	12.105	0.0000	23.525	395.588	0.000	395.588	0.000
707.299	12.105	0.0000	23.559	395.588	0.000	395.588	0.000
708.297	12.105	0.0000	23.592	395.588	0.000	395.588	0.000
709.297	12.105	0.0000	23.625	395.588	0.000	395.588	0.000
710.297	12.105	0.0000	23.658	395.588	0.000	395.588	0.000
711.296	12.105	0.0000	23.692	395.588	0.000	395.588	0.000
712.295	12.105	0.0000	23.725	395.588	0.000	395.588	0.000
713.292	12.105	0.0000	23.758	395.588	0.000	395.588	0.000
714.292	12.105	0.0000	23.792	395.588	0.000	395.588	0.000
715.292	12.105	0.0000	23.825	395.588	0.000	395.588	0.000
716.292	12.105	0.0000	23.858	395.588	0.000	395.588	0.000
717.289	12.105	0.0000	23.892	395.588	0.000	395.588	0.000
718.289	12.102	0.0000	23.925	395.493	0.000	395.493	0.000
719.289	12.100	0.0000	23.958	395.425	0.000	395.425	0.000
720.287	12.100	0.0000	23.991	395.425	0.000	395.425	0.000
721.287	12.100	0.0000	24.025	395.425	0.000	395.425	0.000
722.284	12.100	0.0000	24.058	395.425	0.000	395.425	0.000
723.284	12.100	0.0000	24.091	395.425	0.000	395.425	0.000
724.281	12.100	0.0000	24.125	395.425	0.000	395.425	0.000
725.282	12.100	0.0000	24.158	395.425	0.000	395.425	0.000
726.281	12.100	0.0000	24.191	395.425	0.000	395.425	0.000
727.279	12.100	0.0000	24.225	395.425	0.000	395.425	0.000
728.279	12.100	0.0000	24.258	395.425	0.000	395.425	0.000
729.279	12.100	0.0000	24.291	395.425	0.000	395.425	0.000
730.278	12.100	0.0000	24.324	395.425	0.000	395.425	0.000
731.277	12.100	0.0000	24.358	395.425	0.000	395.425	0.000
732.275	12.095	0.0000	24.391	395.268	0.000	395.268	0.000
733.275	12.097	0.0000	24.424	395.340	0.000	395.340	0.000
734.273	12.097	0.0000	24.458	395.314	0.000	395.314	0.000
735.273	12.095	0.0000	24.491	395.261	0.000	395.261	0.000
736.269	12.095	0.0000	24.524	395.261	0.000	395.261	0.000
737.27	12.095	0.0000	24.558	395.261	0.000	395.261	0.000
738.268	12.095	0.0000	24.591	395.261	0.000	395.261	0.000
739.268	12.095	0.0000	24.624	395.261	0.000	395.261	0.000
740.266	12.095	0.0000	24.657	395.261	0.000	395.261	0.000
741.266	12.095	0.0000	24.691	395.261	0.000	395.261	0.000
742.264	12.095	0.0000	24.724	395.261	0.000	395.261	0.000
743.265	12.095	0.0000	24.757	395.261	0.000	395.261	0.000
744.261	12.091	0.0000	24.791	395.114	0.000	395.114	0.000
745.262	12.090	0.0000	24.824	395.098	0.000	395.098	0.000
746.261	12.090	0.0000	24.857	395.098	0.000	395.098	0.000
747.26	12.090	0.0000	24.891	395.098	0.000	395.098	0.000
748.258	12.090	0.0000	24.924	395.098	0.000	395.098	0.000
749.258	12.090	0.0000	24.957	395.098	0.000	395.098	0.000
750.256	12.090	0.0000	24.990	395.098	0.000	395.098	0.000
751.254	12.090	0.0000	25.024	395.098	0.000	395.098	0.000
752.254	12.087	0.0000	25.057	395.013	0.000	395.013	0.000
753.254	12.087	0.0000	25.090	395.013	0.000	395.013	0.000
754.254	12.089	0.0000	25.124	395.049	0.000	395.049	0.000
755.251	12.085	0.0000	25.157	394.935	0.000	394.935	0.000
756.252	12.085	0.0000	25.190	394.935	0.000	394.935	0.000
757.251	12.085	0.0000	25.224	394.935	0.000	394.935	0.000
758.25	12.085	0.0000	25.257	394.935	0.000	394.935	0.000
759.248	12.085	0.0000	25.290	394.935	0.000	394.935	0.000
760.247	12.085	0.0000	25.323	394.935	0.000	394.935	0.000
761.246	12.080	0.0000	25.357	394.778	0.000	394.778	0.000
762.245	12.080	0.0000	25.390	394.771	0.000	394.771	0.000
763.245	12.080	0.0000	25.423	394.771	0.000	394.771	0.000
764.244	12.080	0.0000	25.457	394.771	0.000	394.771	0.000
765.242	12.080	0.0000	25.490	394.771	0.000	394.771	0.000
766.241	12.080	0.0000	25.523	394.771	0.000	394.771	0.000
767.24	12.080	0.0000	25.557	394.771	0.000	394.771	0.000
768.24	12.080	0.0000	25.590	394.771	0.000	394.771	0.000
769.238	12.080	0.0000	25.623	394.771	0.000	394.771	0.000
770.238	12.075	0.0000	25.656	394.621	0.000	394.621	0.000
771.237	12.078	0.0000	25.690	394.706	0.000	394.706	0.000
772.236	12.075	0.0000	25.723	394.608	0.000	394.608	0.000
773.234	12.075	0.0000	25.756	394.608	0.000	394.608	0.000
774.233	12.075	0.0000	25.790	394.608	0.000	394.608	0.000
775.233	12.075	0.0000	25.823	394.608	0.000	394.608	0.000
776.232	12.075	0.0000	25.856	394.608	0.000	394.608	0.000
777.231	12.075	0.0000	25.890	394.591	0.000	394.591	0.000
778.23	12.070	0.0000	25.923	394.444	0.000	394.444	0.000
779.228	12.070	0.0000	25.956	394.444	0.000	394.444	0.000
780.228	12.070	0.0000	25.990	394.444	0.000	394.444	0.000
781.227	12.070	0.0000	26.023	394.444	0.000	394.444	0.000
782.226	12.070	0.0000	26.056	394.444	0.000	394.444	0.000
783.226	12.070	0.0000	26.089	394.444	0.000	394.444	0.000
784.224	12.070	0.0000	26.123	394.444	0.000	394.444	0.000
785.223	12.065	0.0000	26.156	394.291	0.000	394.291	0.000
786.222	12.065	0.0000	26.189	394.281	0.000	394.281	0.000
787.22	12.065	0.0000	26.223	394.281	0.000	394.281	0.000
788.221	12.065	0.0000	26.256	394.281	0.000	394.281	0.000
789.22	12.065	0.0000	26.289	394.281	0.000	394.281	0.000
790.218	12.065	0.0000	26.323	394.281	0.000	394.281	0.000
791.218	12.061	0.0000	26.356	394.137	0.000	394.137	0.000
792.215	12.060	0.0000	26.389	394.118	0.000	394.118	0.000
793.216	12.060	0.0000	26.422	394.118	0.000	394.118	0.000
794.215	12.060	0.0000	26.456	394.118	0.000	394.118	0.000
795.213	12.060	0.0000	26.489	394.118	0.000	394.118	0.000
796.212	12.057	0.0000	26.522	394.013	0.000	394.013	0.000
797.211	12.055	0.0000	26.556	393.954	0.000	393.954	0.000
798.209	12.055	0.0000	26.589	393.954	0.000	393.954	0.000
799.21	12.055	0.0000	26.622	393.954	0.000	393.954	0.000
800.209	12.055	0.0000	26.656	393.954	0.000	393.954	0.000
801.207	12.055	0.0000	26.689	393.954	0.000	393.954	0.000
802.204	12.051	0.0000	26.722	393.824	0.000	393.824	0.000
803.204	12.050	0.0000	26.755	393.791	0.000	393.791	0.000
804.205	12.050	0.0000	26.789	393.791	0.000	393.791	0.000
805.204	12.050	0.0000	26.822	393.791	0.000	393.791	0.000
806.203	12.050	0.0000	26.855	393.791	0.000	393.791	0.000
807.202	12.048	0.0000	26.889	393.735	0.000	393.735	0.000
808.2	12.045	0.0000	26.922	393.627	0.000	393.627	0.000
809.2	12.045	0.0000	26.955	393.627	0.000	393.627	0.000
810.198	12.045	0.0000	26.989	393.627	0.000	393.627	0.000
811.198	12.045	0.0000	27.022	393.627	0.000	393.627	0.000
812.197	12.044	0.0000	27.055	393.588	0.000	393.588	0.000
813.195	12.040	0.0000	27.088	393.464	0.000	393.464	0.000
814.195	12.040	0.0000	27.122	393.464	0.000	393.464	0.000
815.193	12.040	0.0000	27.155	393.464	0.000	393.464	0.000
816.193	12.040	0.0000	27.188	393.464	0.000	393.464	0.000
817.192	12.036	0.0000	27.222	393.346	0.000	393.346	0.000
818.191	12.035	0.0000	27.255	393.301	0.000	393.301	0.000
819.189	12.035	0.0000	27.288	393.301	0.000	393.301	0.000
820.189	12.034	0.0000	27.322	393.268	0.000	393.268	0.000
821.188	12.030	0.0000	27.355	393.137	0.000	393.137	0.000
822.187	12.030	0.0000	27.388	393.137	0.000	393.137	0.000
823.185	12.030	0.0000	27.421	393.137	0.000	393.137	0.000
824.185	12.030	0.0000	27.455	393.137	0.000	393.137	0.000
825.182	12.028	0.0000	27.488	393.065	0.000	393.065	0.000
826.182	12.025	0.0000	27.521	392.974	0.000	392.974	0.000
827.182	12.025	0.0000	27.555	392.974	0.000	392.974	0.000
828.181	12.025	0.0000	27.588	392.974	0.000	392.974	0.000
829.18	12.022	0.0000	27.621	392.869	0.000	392.869	0.000
830.179	12.020	0.0000	27.655	392.810	0.000	392.810	0.000
831.178	12.020	0.0000	27.688	392.810	0.000	392.810	0.000
832.174	12.020	0.0000	27.721	392.810	0.000	392.810	0.000
833.176	12.017	0.0000	27.754	392.712	0.000	392.712	0.000
834.175	12.015	0.0000	27.788	392.647	0.000	392.647	0.000
835.173	12.015	0.0000	27.821	392.647	0.000	392.647	0.000
836.173	12.015	0.0000	27.854	392.647	0.000	392.647	0.000
837.171	12.012	0.0000	27.888	392.552	0.000	392.552	0.000
838.17	12.010	0.0000	27.921	392.484	0.000	392.484	0.000
839.169	12.010	0.0000	27.954	392.484	0.000	392.484	0.000
840.169	12.010	0.0000	27.988	392.471	0.000	392.471	0.000
841.168	12.005	0.0000	28.021	392.320	0.000	392.320	0.000
842.166	12.005	0.0000	28.054	392.320	0.000	392.320	0.000
843.166	12.005	0.0000	28.087	392.320	0.000	392.320	0.000
844.165	12.002	0.0000	28.121	392.232	0.000	392.232	0.000
845.163	12.000	0.0000	28.154	392.157	0.000	392.157	0.000
846.162	12.000	0.0000	28.187	392.157	0.000	392.157	0.000
847.162	11.996	0.0000	28.221	392.010	0.000	392.010	0.000
848.16	11.995	0.0000	28.254	391.993	0.000	391.993	0.000
849.16	11.995	0.0000	28.287	391.993	0.000	391.993	0.000
850.159	11.991	0.0000	28.321	391.873	0.000	391.873	0.000
851.157	11.990	0.0000	28.354	391.830	0.000	391.830	0.000
852.158	11.990	0.0000	28.387	391.830	0.000	391.830	0.000
853.156	11.985	0.0000	28.420	391.667	0.000	391.667	0.000
854.155	11.985	0.0000	28.454	391.667	0.000	391.667	0.000
855.153	11.983	0.0000	28.487	391.588	0.000	391.588	0.000
856.153	11.980	0.0000	28.520	391.503	0.000	391.503	0.000
857.151	11.980	0.0000	28.554	391.503	0.000	391.503	0.000
858.151	11.978	0.0000	28.587	391.422	0.000	391.422	0.000
859.149	11.975	0.0000	28.620	391.340	0.000	391.340	0.000
860.149	11.973	0.0000	28.654	391.271	0.000	391.271	0.000
861.149	11.970	0.0000	28.687	391.176	0.000	391.176	0.000
862.147	11.970	0.0000	28.720	391.176	0.000	391.176	0.000
863.146	11.965	0.0000	28.753	391.023	0.000	391.023	0.000
864.145	11.964	0.0000	28.787	390.993	0.000	390.993	0.000
865.144	11.960	0.0000	28.820	390.850	0.000	390.850	0.000
866.143	11.960	0.0000	28.853	390.850	0.000	390.850	0.000
867.142	11.956	0.0000	28.887	390.716	0.000	390.716	0.000
868.141	11.954	0.0000	28.920	390.644	0.000	390.644	0.000
869.138	11.950	0.0000	28.953	390.523	0.000	390.523	0.000
870.138	11.950	0.0000	28.987	390.520	0.000	390.520	0.000
871.139	11.945	0.0000	29.020	390.359	0.000	390.359	0.000
872.137	11.943	0.0000	29.053	390.291	0.000	390.291	0.000
873.137	11.940	0.0000	29.086	390.196	0.000	390.196	0.000
874.135	11.936	0.0000	29.120	390.065	0.000	390.065	0.000
875.135	11.935	0.0000	29.153	390.033	0.000	390.033	0.000
876.133	11.930	0.0000	29.186	389.873	0.000	389.873	0.000
877.132	11.926	0.0000	29.220	389.752	0.000	389.752	0.000
878.132	11.924	0.0000	29.253	389.683	0.000	389.683	0.000
879.129	11.920	0.0000	29.286	389.542	0.000	389.542	0.000
880.129	11.915	0.0000	29.320	389.392	0.000	389.392	0.000
881.128	11.912	0.0000	29.353	389.265	0.000	389.265	0.000
882.125	11.908	0.0000	29.386	389.147	0.000	389.147	0.000
883.127	11.905	0.0000	29.419	389.052	0.000	389.052	0.000
884.126	11.900	0.0000	29.453	388.895	0.000	388.895	0.000
885.124	11.895	0.0000	29.486	388.729	0.000	388.729	0.000
886.123	11.891	0.0000	29.519	388.598	0.000	388.598	0.000
887.121	11.887	0.0000	29.553	388.454	0.000	388.454	0.000
888.121	11.881	0.0000	29.586	388.275	0.000	388.275	0.000
889.12	11.877	0.0000	29.619	388.127	0.000	388.127	0.000
890.119	11.872	0.0000	29.653	387.980	0.000	387.980	0.000
891.117	11.868	0.0000	29.686	387.830	0.000	387.830	0.000
892.117	11.862	0.0000	29.719	387.660	0.000	387.660	0.000
893.116	11.857	0.0000	29.752	387.477	0.000	387.477	0.000
894.116	11.851	0.0000	29.786	387.284	0.000	387.284	0.000
895.115	11.845	0.0000	29.819	387.091	0.000	387.091	0.000
896.113	11.839	0.0000	29.852	386.908	0.000	386.908	0.000
897.11	11.833	0.0000	29.886	386.706	0.000	386.706	0.000
898.111	11.827	0.0000	29.919	386.516	0.000	386.516	0.000
899.109	11.822	0.0000	29.952	386.327	0.000	386.327	0.000
900.109	11.815	0.0000	29.986	386.118	0.000	386.118	0.000
901.109	11.808	0.0000	30.019	385.895	0.000	385.895	0.000
902.107	11.802	0.0000	30.052	385.676	0.000	385.676	0.000
903.106	11.794	0.0000	30.085	385.431	0.000	385.431	0.000
904.106	11.787	0.0000	30.119	385.209	0.000	385.209	0.000
905.103	11.780	0.0000	30.152	384.961	0.000	384.961	0.000
906.103	11.772	0.0000	30.185	384.719	0.000	384.719	0.000
907.103	11.764	0.0000	30.219	384.441	0.000	384.441	0.000
908.099	11.757	0.0000	30.252	384.219	0.000	384.219	0.000
909.1	11.748	0.0000	30.285	383.935	0.000	383.935	0.000
910.1	11.740	0.0000	30.319	383.673	0.000	383.673	0.000
911.097	11.732	0.0000	30.352	383.412	0.000	383.412	0.000
912.098	11.723	0.0000	30.385	383.118	0.000	383.118	0.000
913.098	11.715	0.0000	30.418	382.840	0.000	382.840	0.000
914.095	11.706	0.0000	30.452	382.556	0.000	382.556	0.000
915.095	11.697	0.0000	30.485	382.245	0.000	382.245	0.000
916.091	11.687	0.0000	30.518	381.935	0.000	381.935	0.000
917.092	11.678	0.0000	30.552	381.624	0.000	381.624	0.000
918.091	11.668	0.0000	30.585	381.314	0.000	381.314	0.000
919.091	11.657	0.0000	30.618	380.951	0.000	380.951	0.000
920.087	11.647	0.0000	30.652	380.614	0.000	380.614	0.000
921.089	11.636	0.0000	30.685	380.265	0.000	380.265	0.000
922.087	11.625	0.0000	30.718	379.905	0.000	379.905	0.000
923.086	11.614	0.0000	30.751	379.533	0.000	379.533	0.000
924.086	11.602	0.0000	30.785	379.144	0.000	379.144	0.000
925.085	11.590	0.0000	30.818	378.752	0.000	378.752	0.000
926.084	11.577	0.0000	30.851	378.346	0.000	378.346	0.000
927.083	11.565	0.0000	30.885	377.938	0.000	377.938	0.000
928.082	11.551	0.0000	30.918	377.480	0.000	377.480	0.000
929.08	11.537	0.0000	30.951	377.036	0.000	377.036	0.000
930.08	11.524	0.0000	30.985	376.591	0.000	376.591	0.000
931.078	11.509	0.0000	31.018	376.108	0.000	376.108	0.000
932.077	11.494	0.0000	31.051	375.605	0.000	375.605	0.000
933.077	11.478	0.0000	31.084	375.095	0.000	375.095	0.000
934.075	11.462	0.0000	31.118	374.572	0.000	374.572	0.000
935.074	11.445	0.0000	31.151	374.003	0.000	374.003	0.000
936.074	11.427	0.0000	31.184	373.422	0.000	373.422	0.000
937.073	11.407	0.0000	31.218	372.791	0.000	372.791	0.000
938.071	11.387	0.0000	31.251	372.127	0.000	372.127	0.000
939.07	11.366	0.0000	31.284	371.444	0.000	371.444	0.000
940.071	11.344	0.0000	31.318	370.725	0.000	370.725	0.000
941.068	11.320	0.0000	31.351	369.938	0.000	369.938	0.000
942.069	11.296	0.0000	31.384	369.141	0.000	369.141	0.000
943.066	11.270	0.0000	31.417	368.314	0.000	368.314	0.000
944.066	11.243	0.0000	31.451	367.405	0.000	367.405	0.000
945.064	11.213	0.0000	31.484	366.422	0.000	366.422	0.000
946.065	11.181	0.0000	31.517	365.376	0.000	365.376	0.000
947.063	11.147	0.0000	31.551	364.271	0.000	364.271	0.000
948.062	11.109	0.0000	31.584	363.029	0.000	363.029	0.000
949.062	11.068	0.0000	31.617	361.686	0.000	361.686	0.000
950.06	11.024	0.0000	31.651	360.245	0.000	360.245	0.000
951.058	10.975	0.0000	31.684	358.657	0.000	358.657	0.000
952.058	10.921	0.0000	31.717	356.892	0.000	356.892	0.000
953.057	10.862	0.0000	31.750	354.961	0.000	354.961	0.000
954.056	10.796	0.0000	31.784	352.810	0.000	352.810	0.000
955.055	10.724	0.0000	31.817	350.451	0.000	350.451	0.000
956.054	10.643	0.0000	31.850	347.807	0.000	347.807	0.000
957.054	10.552	0.0000	31.884	344.850	0.000	344.850	0.000
958.052	10.451	0.0000	31.917	341.533	0.000	341.533	0.000
959.051	10.337	0.0000	31.950	337.810	0.000	337.810	0.000
960.049	10.209	0.0000	31.984	333.621	0.000	333.621	0.000
961.05	10.060	0.0000	32.017	328.771	0.000	328.771	0.000
962.048	9.848	0.0000	32.050	321.837	0.000	321.837	0.000
963.047	3.027	0.0000	32.083	98.935	0.000	98.935	0.000
