Customer	SGCC_1.5
TestDate	4/4/2026
Coil No/Packet No	00-02
Type	Flat
Size(mm)	20*1.53
So(mm^2)	30.60
Lo(mm)	85
Lu(mm)	
A(%)	/
Su(mm^2)	/
Z(%)	/
Fm(kgf)	1358.1
Rm(MPa)	405
FeH(kgf)	/
ReH(MPa)	/
FeL(kgf)	/
ReL(MPa)	/
Fp(kgf)	0.987
Rp(MPa)	0
Ft(kgf)	/
Rt(MPa)	/
E(GPa)	/


-----------Curve----------
Time	Load	Elong	Disp	Stress	Strain	TrueStress	TrueStrain
0	0.009	0.0000	0.002	0.288	0.000	0.288	0.000
1	0.210	0.0000	0.018	6.850	0.000	6.850	0.000
1.998	0.703	0.0000	0.048	22.984	0.000	22.984	0.000
2.998	1.286	0.0000	0.082	42.023	0.000	42.023	0.000
3.997	1.851	0.0000	0.115	60.487	0.000	60.487	0.000
4.996	2.378	0.0000	0.148	77.696	0.000	77.696	0.000
5.997	2.864	0.0000	0.182	93.605	0.000	93.605	0.000
6.993	3.313	0.0000	0.215	108.281	0.000	108.281	0.000
7.995	3.742	0.0000	0.248	122.278	0.000	122.278	0.000
8.993	4.147	0.0000	0.281	135.520	0.000	135.520	0.000
9.992	4.489	0.0000	0.315	146.686	0.000	146.686	0.000
10.99	4.777	0.0000	0.348	156.095	0.000	156.095	0.000
11.989	5.062	0.0000	0.381	165.415	0.000	165.415	0.000
12.99	5.347	0.0000	0.415	174.722	0.000	174.722	0.000
13.989	5.633	0.0000	0.448	184.092	0.000	184.092	0.000
14.987	5.920	0.0000	0.481	193.464	0.000	193.464	0.000
15.986	6.209	0.0000	0.515	202.915	0.000	202.915	0.000
16.984	6.503	0.0000	0.548	212.507	0.000	212.507	0.000
17.984	6.798	0.0000	0.581	222.167	0.000	222.167	0.000
18.981	7.093	0.0000	0.615	231.797	0.000	231.797	0.000
19.982	7.388	0.0000	0.648	241.448	0.000	241.448	0.000
20.98	7.685	0.0000	0.681	251.144	0.000	251.144	0.000
21.98	7.983	0.0000	0.714	260.889	0.000	260.889	0.000
22.977	8.281	0.0000	0.748	270.614	0.000	270.614	0.000
23.977	8.578	0.0000	0.781	280.330	0.000	280.330	0.000
24.976	8.861	0.0000	0.814	289.565	0.000	289.565	0.000
25.974	9.121	0.0000	0.848	298.056	0.000	298.056	0.000
26.973	9.388	0.0000	0.881	306.797	0.000	306.797	0.000
27.974	9.642	0.0000	0.914	315.111	0.000	315.111	0.000
28.972	9.883	0.0000	0.948	322.961	0.000	322.961	0.000
29.971	10.107	0.0000	0.981	330.301	0.000	330.301	0.000
30.971	10.313	0.0000	1.014	337.010	0.000	337.010	0.000
31.97	10.500	0.0000	1.047	343.134	0.000	343.134	0.000
32.969	10.669	0.0000	1.081	348.650	0.000	348.650	0.000
33.969	10.830	0.0000	1.114	353.905	0.000	353.905	0.000
34.966	10.975	0.0000	1.147	358.670	0.000	358.670	0.000
35.967	11.095	0.0000	1.181	362.569	0.000	362.569	0.000
36.964	10.988	0.0000	1.214	359.072	0.000	359.072	0.000
37.964	10.853	0.0000	1.247	354.660	0.000	354.660	0.000
38.964	10.790	0.0000	1.281	352.605	0.000	352.605	0.000
39.962	10.739	0.0000	1.314	350.938	0.000	350.938	0.000
40.96	10.691	0.0000	1.347	349.386	0.000	349.386	0.000
41.959	10.630	0.0000	1.380	347.389	0.000	347.389	0.000
42.958	10.514	0.0000	1.414	343.582	0.000	343.582	0.000
43.957	10.494	0.0000	1.447	342.948	0.000	342.948	0.000
44.956	10.481	0.0000	1.480	342.516	0.000	342.516	0.000
45.957	10.502	0.0000	1.514	343.216	0.000	343.216	0.000
46.955	10.487	0.0000	1.547	342.722	0.000	342.722	0.000
47.954	10.391	0.0000	1.580	339.578	0.000	339.578	0.000
48.952	10.367	0.0000	1.614	338.778	0.000	338.778	0.000
49.951	10.381	0.0000	1.647	339.239	0.000	339.239	0.000
50.95	10.430	0.0000	1.680	340.850	0.000	340.850	0.000
51.949	10.422	0.0000	1.713	340.601	0.000	340.601	0.000
52.948	10.379	0.0000	1.747	339.183	0.000	339.183	0.000
53.948	10.374	0.0000	1.780	339.029	0.000	339.029	0.000
54.948	10.367	0.0000	1.813	338.784	0.000	338.784	0.000
55.945	10.369	0.0000	1.847	338.869	0.000	338.869	0.000
56.943	10.377	0.0000	1.880	339.127	0.000	339.127	0.000
57.944	10.385	0.0000	1.913	339.366	0.000	339.366	0.000
58.941	10.373	0.0000	1.947	339.000	0.000	339.000	0.000
59.941	10.357	0.0000	1.980	338.471	0.000	338.471	0.000
60.94	10.376	0.0000	2.013	339.091	0.000	339.091	0.000
61.939	10.425	0.0000	2.046	340.670	0.000	340.670	0.000
62.938	10.459	0.0000	2.080	341.801	0.000	341.801	0.000
63.938	10.487	0.0000	2.113	342.696	0.000	342.696	0.000
64.936	10.502	0.0000	2.146	343.199	0.000	343.199	0.000
65.935	10.495	0.0000	2.180	342.974	0.000	342.974	0.000
66.936	10.492	0.0000	2.213	342.869	0.000	342.869	0.000
67.933	10.466	0.0000	2.246	342.039	0.000	342.039	0.000
68.933	10.453	0.0000	2.280	341.605	0.000	341.605	0.000
69.93	10.426	0.0000	2.313	340.712	0.000	340.712	0.000
70.931	10.378	0.0000	2.346	339.160	0.000	339.160	0.000
71.93	10.361	0.0000	2.379	338.578	0.000	338.578	0.000
72.929	10.395	0.0000	2.413	339.712	0.000	339.712	0.000
73.929	10.434	0.0000	2.446	340.974	0.000	340.974	0.000
74.927	10.459	0.0000	2.479	341.794	0.000	341.794	0.000
75.926	10.461	0.0000	2.513	341.866	0.000	341.866	0.000
76.926	10.443	0.0000	2.546	341.261	0.000	341.261	0.000
77.924	10.429	0.0000	2.579	340.810	0.000	340.810	0.000
78.922	10.440	0.0000	2.613	341.176	0.000	341.176	0.000
79.922	10.446	0.0000	2.646	341.373	0.000	341.373	0.000
80.92	10.431	0.0000	2.679	340.889	0.000	340.889	0.000
81.922	10.425	0.0000	2.712	340.670	0.000	340.670	0.000
82.921	10.460	0.0000	2.746	341.840	0.000	341.840	0.000
83.919	10.501	0.0000	2.779	343.167	0.000	343.167	0.000
84.916	10.536	0.0000	2.812	344.320	0.000	344.320	0.000
85.916	10.551	0.0000	2.846	344.797	0.000	344.797	0.000
86.916	10.560	0.0000	2.879	345.088	0.000	345.088	0.000
87.915	10.534	0.0000	2.912	344.252	0.000	344.252	0.000
88.914	10.513	0.0000	2.946	343.565	0.000	343.565	0.000
89.913	10.521	0.0000	2.979	343.833	0.000	343.833	0.000
90.912	10.507	0.0000	3.012	343.376	0.000	343.376	0.000
91.911	10.475	0.0000	3.045	342.317	0.000	342.317	0.000
92.911	10.472	0.0000	3.079	342.219	0.000	342.219	0.000
93.909	10.491	0.0000	3.112	342.830	0.000	342.830	0.000
94.909	10.503	0.0000	3.145	343.245	0.000	343.245	0.000
95.907	10.506	0.0000	3.179	343.320	0.000	343.320	0.000
96.907	10.507	0.0000	3.212	343.376	0.000	343.376	0.000
97.905	10.495	0.0000	3.245	342.964	0.000	342.964	0.000
98.904	10.490	0.0000	3.279	342.810	0.000	342.810	0.000
99.902	10.502	0.0000	3.312	343.212	0.000	343.212	0.000
100.902	10.530	0.0000	3.345	344.131	0.000	344.131	0.000
101.902	10.553	0.0000	3.378	344.882	0.000	344.882	0.000
102.899	10.549	0.0000	3.412	344.748	0.000	344.748	0.000
103.899	10.547	0.0000	3.445	344.686	0.000	344.686	0.000
104.897	10.552	0.0000	3.478	344.824	0.000	344.824	0.000
105.897	10.556	0.0000	3.512	344.958	0.000	344.958	0.000
106.897	10.555	0.0000	3.545	344.935	0.000	344.935	0.000
107.894	10.552	0.0000	3.578	344.833	0.000	344.833	0.000
108.894	10.522	0.0000	3.612	343.859	0.000	343.859	0.000
109.892	10.509	0.0000	3.645	343.441	0.000	343.441	0.000
110.892	10.499	0.0000	3.678	343.101	0.000	343.101	0.000
111.891	10.491	0.0000	3.711	342.840	0.000	342.840	0.000
112.889	10.486	0.0000	3.745	342.676	0.000	342.676	0.000
113.889	10.509	0.0000	3.778	343.428	0.000	343.428	0.000
114.887	10.531	0.0000	3.811	344.160	0.000	344.160	0.000
115.886	10.510	0.0000	3.845	343.458	0.000	343.458	0.000
116.885	10.494	0.0000	3.878	342.941	0.000	342.941	0.000
117.885	10.488	0.0000	3.911	342.745	0.000	342.745	0.000
118.883	10.480	0.0000	3.945	342.493	0.000	342.493	0.000
119.884	10.479	0.0000	3.978	342.461	0.000	342.461	0.000
120.883	10.473	0.0000	4.011	342.268	0.000	342.268	0.000
121.88	10.492	0.0000	4.044	342.879	0.000	342.879	0.000
122.879	10.515	0.0000	4.078	343.634	0.000	343.634	0.000
123.877	10.533	0.0000	4.111	344.199	0.000	344.199	0.000
124.879	10.541	0.0000	4.144	344.487	0.000	344.487	0.000
125.876	10.547	0.0000	4.178	344.667	0.000	344.667	0.000
126.876	10.549	0.0000	4.211	344.722	0.000	344.722	0.000
127.875	10.554	0.0000	4.244	344.886	0.000	344.886	0.000
128.874	10.555	0.0000	4.278	344.935	0.000	344.935	0.000
129.872	10.547	0.0000	4.311	344.686	0.000	344.686	0.000
130.873	10.524	0.0000	4.344	343.915	0.000	343.915	0.000
131.871	10.503	0.0000	4.378	343.235	0.000	343.235	0.000
132.868	10.468	0.0000	4.411	342.082	0.000	342.082	0.000
133.867	10.438	0.0000	4.444	341.101	0.000	341.101	0.000
134.867	10.438	0.0000	4.477	341.114	0.000	341.114	0.000
135.867	10.446	0.0000	4.511	341.379	0.000	341.379	0.000
136.866	10.448	0.0000	4.544	341.431	0.000	341.431	0.000
137.865	10.426	0.0000	4.577	340.706	0.000	340.706	0.000
138.863	10.411	0.0000	4.611	340.225	0.000	340.225	0.000
139.863	10.412	0.0000	4.644	340.245	0.000	340.245	0.000
140.862	10.420	0.0000	4.677	340.510	0.000	340.510	0.000
141.861	10.426	0.0000	4.711	340.725	0.000	340.725	0.000
142.858	10.446	0.0000	4.744	341.356	0.000	341.356	0.000
143.858	10.451	0.0000	4.777	341.533	0.000	341.533	0.000
144.856	10.466	0.0000	4.810	342.026	0.000	342.026	0.000
145.858	10.486	0.0000	4.844	342.676	0.000	342.676	0.000
146.857	10.501	0.0000	4.877	343.167	0.000	343.167	0.000
147.855	10.513	0.0000	4.910	343.569	0.000	343.569	0.000
148.854	10.502	0.0000	4.944	343.186	0.000	343.186	0.000
149.852	10.489	0.0000	4.977	342.778	0.000	342.778	0.000
150.852	10.474	0.0000	5.010	342.294	0.000	342.294	0.000
151.85	10.472	0.0000	5.044	342.212	0.000	342.212	0.000
152.85	10.480	0.0000	5.077	342.484	0.000	342.484	0.000
153.85	10.490	0.0000	5.110	342.797	0.000	342.797	0.000
154.848	10.501	0.0000	5.143	343.176	0.000	343.176	0.000
155.847	10.514	0.0000	5.177	343.588	0.000	343.588	0.000
156.845	10.511	0.0000	5.210	343.497	0.000	343.497	0.000
157.845	10.500	0.0000	5.243	343.131	0.000	343.131	0.000
158.845	10.492	0.0000	5.277	342.863	0.000	342.863	0.000
159.842	10.485	0.0000	5.310	342.647	0.000	342.647	0.000
160.843	10.485	0.0000	5.343	342.647	0.000	342.647	0.000
161.841	10.488	0.0000	5.377	342.755	0.000	342.755	0.000
162.839	10.497	0.0000	5.410	343.039	0.000	343.039	0.000
163.84	10.503	0.0000	5.443	343.229	0.000	343.229	0.000
164.839	10.509	0.0000	5.476	343.422	0.000	343.422	0.000
165.837	10.513	0.0000	5.510	343.572	0.000	343.572	0.000
166.837	10.519	0.0000	5.543	343.745	0.000	343.745	0.000
167.835	10.524	0.0000	5.576	343.912	0.000	343.912	0.000
168.834	10.529	0.0000	5.610	344.085	0.000	344.085	0.000
169.832	10.530	0.0000	5.643	344.118	0.000	344.118	0.000
170.831	10.530	0.0000	5.676	344.118	0.000	344.118	0.000
171.83	10.526	0.0000	5.710	343.997	0.000	343.997	0.000
172.831	10.520	0.0000	5.743	343.784	0.000	343.784	0.000
173.83	10.499	0.0000	5.776	343.114	0.000	343.114	0.000
174.828	10.481	0.0000	5.809	342.529	0.000	342.529	0.000
175.828	10.469	0.0000	5.843	342.134	0.000	342.134	0.000
176.828	10.460	0.0000	5.876	341.830	0.000	341.830	0.000
177.825	10.461	0.0000	5.909	341.846	0.000	341.846	0.000
178.824	10.465	0.0000	5.943	342.000	0.000	342.000	0.000
179.822	10.471	0.0000	5.976	342.203	0.000	342.203	0.000
180.823	10.479	0.0000	6.009	342.444	0.000	342.444	0.000
181.822	10.478	0.0000	6.043	342.405	0.000	342.405	0.000
182.819	10.473	0.0000	6.076	342.245	0.000	342.245	0.000
183.819	10.465	0.0000	6.109	341.993	0.000	341.993	0.000
184.818	10.459	0.0000	6.142	341.807	0.000	341.807	0.000
185.819	10.449	0.0000	6.176	341.477	0.000	341.477	0.000
186.816	10.433	0.0000	6.209	340.948	0.000	340.948	0.000
187.815	10.409	0.0000	6.242	340.147	0.000	340.147	0.000
188.815	10.358	0.0000	6.276	338.507	0.000	338.507	0.000
189.813	10.461	0.0000	6.309	341.876	0.000	341.876	0.000
190.811	10.567	0.0000	6.342	345.320	0.000	345.320	0.000
191.811	10.625	0.0000	6.376	347.222	0.000	347.222	0.000
192.81	10.669	0.0000	6.409	348.667	0.000	348.667	0.000
193.811	10.706	0.0000	6.442	349.866	0.000	349.866	0.000
194.808	10.737	0.0000	6.475	350.882	0.000	350.882	0.000
195.808	10.764	0.0000	6.509	351.752	0.000	351.752	0.000
196.806	10.786	0.0000	6.542	352.497	0.000	352.497	0.000
197.806	10.807	0.0000	6.575	353.154	0.000	353.154	0.000
198.804	10.823	0.0000	6.609	353.693	0.000	353.693	0.000
199.802	10.838	0.0000	6.642	354.170	0.000	354.170	0.000
200.802	10.851	0.0000	6.675	354.621	0.000	354.621	0.000
201.802	10.865	0.0000	6.709	355.069	0.000	355.069	0.000
202.8	10.877	0.0000	6.742	355.471	0.000	355.471	0.000
203.799	10.890	0.0000	6.775	355.866	0.000	355.866	0.000
204.798	10.901	0.0000	6.808	356.248	0.000	356.248	0.000
205.797	10.914	0.0000	6.842	356.650	0.000	356.650	0.000
206.797	10.924	0.0000	6.875	357.003	0.000	357.003	0.000
207.796	10.935	0.0000	6.908	357.346	0.000	357.346	0.000
208.794	10.945	0.0000	6.942	357.693	0.000	357.693	0.000
209.794	10.956	0.0000	6.975	358.029	0.000	358.029	0.000
210.793	10.966	0.0000	7.008	358.366	0.000	358.366	0.000
211.793	10.976	0.0000	7.042	358.696	0.000	358.696	0.000
212.791	10.986	0.0000	7.075	359.033	0.000	359.033	0.000
213.79	10.997	0.0000	7.108	359.363	0.000	359.363	0.000
214.789	11.006	0.0000	7.141	359.680	0.000	359.680	0.000
215.788	11.015	0.0000	7.175	359.974	0.000	359.974	0.000
216.787	11.025	0.0000	7.208	360.278	0.000	360.278	0.000
217.787	11.034	0.0000	7.241	360.595	0.000	360.595	0.000
218.783	11.044	0.0000	7.275	360.912	0.000	360.912	0.000
219.784	11.053	0.0000	7.308	361.206	0.000	361.206	0.000
220.782	11.062	0.0000	7.341	361.507	0.000	361.507	0.000
221.782	11.071	0.0000	7.375	361.791	0.000	361.791	0.000
222.781	11.080	0.0000	7.408	362.098	0.000	362.098	0.000
223.78	11.089	0.0000	7.441	362.392	0.000	362.392	0.000
224.779	11.098	0.0000	7.474	362.667	0.000	362.667	0.000
225.779	11.106	0.0000	7.508	362.938	0.000	362.938	0.000
226.778	11.115	0.0000	7.541	363.219	0.000	363.219	0.000
227.777	11.123	0.0000	7.574	363.487	0.000	363.487	0.000
228.773	11.131	0.0000	7.608	363.761	0.000	363.761	0.000
229.774	11.139	0.0000	7.641	364.026	0.000	364.026	0.000
230.773	11.147	0.0000	7.674	364.284	0.000	364.284	0.000
231.773	11.156	0.0000	7.708	364.569	0.000	364.569	0.000
232.769	11.164	0.0000	7.741	364.840	0.000	364.840	0.000
233.771	11.172	0.0000	7.774	365.091	0.000	365.091	0.000
234.77	11.180	0.0000	7.807	365.359	0.000	365.359	0.000
235.769	11.189	0.0000	7.841	365.657	0.000	365.657	0.000
236.767	11.197	0.0000	7.874	365.908	0.000	365.908	0.000
237.767	11.204	0.0000	7.907	366.131	0.000	366.131	0.000
238.766	11.212	0.0000	7.941	366.412	0.000	366.412	0.000
239.765	11.220	0.0000	7.974	366.673	0.000	366.673	0.000
240.764	11.228	0.0000	8.007	366.912	0.000	366.912	0.000
241.762	11.235	0.0000	8.041	367.163	0.000	367.163	0.000
242.761	11.242	0.0000	8.074	367.392	0.000	367.392	0.000
243.76	11.250	0.0000	8.107	367.637	0.000	367.637	0.000
244.759	11.258	0.0000	8.140	367.902	0.000	367.902	0.000
245.758	11.265	0.0000	8.174	368.147	0.000	368.147	0.000
246.756	11.273	0.0000	8.207	368.382	0.000	368.382	0.000
247.757	11.280	0.0000	8.240	368.631	0.000	368.631	0.000
248.756	11.288	0.0000	8.274	368.873	0.000	368.873	0.000
249.755	11.294	0.0000	8.307	369.088	0.000	369.088	0.000
250.754	11.302	0.0000	8.340	369.340	0.000	369.340	0.000
251.753	11.309	0.0000	8.374	369.559	0.000	369.559	0.000
252.752	11.317	0.0000	8.407	369.824	0.000	369.824	0.000
253.75	11.323	0.0000	8.440	370.036	0.000	370.036	0.000
254.749	11.330	0.0000	8.473	370.265	0.000	370.265	0.000
255.747	11.337	0.0000	8.507	370.500	0.000	370.500	0.000
256.746	11.345	0.0000	8.540	370.742	0.000	370.742	0.000
257.745	11.352	0.0000	8.573	370.990	0.000	370.990	0.000
258.745	11.359	0.0000	8.607	371.199	0.000	371.199	0.000
259.744	11.366	0.0000	8.640	371.428	0.000	371.428	0.000
260.743	11.373	0.0000	8.673	371.650	0.000	371.650	0.000
261.741	11.379	0.0000	8.707	371.859	0.000	371.859	0.000
262.739	11.386	0.0000	8.740	372.105	0.000	372.105	0.000
263.74	11.393	0.0000	8.773	372.310	0.000	372.310	0.000
264.739	11.400	0.0000	8.806	372.549	0.000	372.549	0.000
265.739	11.407	0.0000	8.840	372.778	0.000	372.778	0.000
266.737	11.413	0.0000	8.873	372.980	0.000	372.980	0.000
267.737	11.419	0.0000	8.906	373.167	0.000	373.167	0.000
268.736	11.426	0.0000	8.940	373.395	0.000	373.395	0.000
269.735	11.432	0.0000	8.973	373.595	0.000	373.595	0.000
270.734	11.438	0.0000	9.006	373.791	0.000	373.791	0.000
271.733	11.445	0.0000	9.040	374.013	0.000	374.013	0.000
272.732	11.452	0.0000	9.073	374.232	0.000	374.232	0.000
273.731	11.458	0.0000	9.106	374.435	0.000	374.435	0.000
274.73	11.464	0.0000	9.139	374.631	0.000	374.631	0.000
275.728	11.471	0.0000	9.173	374.863	0.000	374.863	0.000
276.728	11.477	0.0000	9.206	375.052	0.000	375.052	0.000
277.725	11.483	0.0000	9.239	375.258	0.000	375.258	0.000
278.726	11.489	0.0000	9.273	375.458	0.000	375.458	0.000
279.724	11.495	0.0000	9.306	375.667	0.000	375.667	0.000
280.724	11.502	0.0000	9.339	375.866	0.000	375.866	0.000
281.723	11.508	0.0000	9.373	376.069	0.000	376.069	0.000
282.722	11.514	0.0000	9.406	376.261	0.000	376.261	0.000
283.721	11.520	0.0000	9.439	376.484	0.000	376.484	0.000
284.72	11.526	0.0000	9.472	376.670	0.000	376.670	0.000
285.716	11.532	0.0000	9.506	376.853	0.000	376.853	0.000
286.718	11.537	0.0000	9.539	377.039	0.000	377.039	0.000
287.716	11.543	0.0000	9.572	377.229	0.000	377.229	0.000
288.716	11.549	0.0000	9.606	377.415	0.000	377.415	0.000
289.714	11.554	0.0000	9.639	377.588	0.000	377.588	0.000
290.714	11.560	0.0000	9.672	377.765	0.000	377.765	0.000
291.713	11.566	0.0000	9.706	377.971	0.000	377.971	0.000
292.71	11.572	0.0000	9.739	378.154	0.000	378.154	0.000
293.71	11.577	0.0000	9.772	378.327	0.000	378.327	0.000
294.71	11.582	0.0000	9.805	378.503	0.000	378.503	0.000
295.709	11.588	0.0000	9.839	378.696	0.000	378.696	0.000
296.708	11.594	0.0000	9.872	378.873	0.000	378.873	0.000
297.707	11.599	0.0000	9.905	379.049	0.000	379.049	0.000
298.706	11.604	0.0000	9.939	379.206	0.000	379.206	0.000
299.705	11.609	0.0000	9.972	379.386	0.000	379.386	0.000
300.702	11.614	0.0000	10.005	379.556	0.000	379.556	0.000
301.703	11.620	0.0000	10.039	379.725	0.000	379.725	0.000
302.701	11.626	0.0000	10.072	379.922	0.000	379.922	0.000
303.701	11.631	0.0000	10.105	380.111	0.000	380.111	0.000
304.699	11.637	0.0000	10.138	380.304	0.000	380.304	0.000
305.699	11.642	0.0000	10.172	380.464	0.000	380.464	0.000
306.699	11.648	0.0000	10.205	380.637	0.000	380.637	0.000
307.697	11.652	0.0000	10.238	380.797	0.000	380.797	0.000
308.696	11.658	0.0000	10.272	380.980	0.000	380.980	0.000
309.694	11.663	0.0000	10.305	381.137	0.000	381.137	0.000
310.693	11.668	0.0000	10.338	381.304	0.000	381.304	0.000
311.693	11.673	0.0000	10.372	381.467	0.000	381.467	0.000
312.692	11.678	0.0000	10.405	381.644	0.000	381.644	0.000
313.691	11.683	0.0000	10.438	381.807	0.000	381.807	0.000
314.69	11.688	0.0000	10.471	381.967	0.000	381.967	0.000
315.689	11.693	0.0000	10.505	382.127	0.000	382.127	0.000
316.687	11.699	0.0000	10.538	382.307	0.000	382.307	0.000
317.687	11.704	0.0000	10.571	382.487	0.000	382.487	0.000
318.686	11.709	0.0000	10.605	382.644	0.000	382.644	0.000
319.685	11.713	0.0000	10.638	382.768	0.000	382.768	0.000
320.685	11.718	0.0000	10.671	382.935	0.000	382.935	0.000
321.683	11.724	0.0000	10.705	383.121	0.000	383.121	0.000
322.682	11.727	0.0000	10.738	383.248	0.000	383.248	0.000
323.681	11.732	0.0000	10.771	383.399	0.000	383.399	0.000
324.681	11.737	0.0000	10.804	383.565	0.000	383.565	0.000
325.679	11.742	0.0000	10.838	383.716	0.000	383.716	0.000
326.678	11.746	0.0000	10.871	383.859	0.000	383.859	0.000
327.677	11.751	0.0000	10.904	384.007	0.000	384.007	0.000
328.677	11.755	0.0000	10.938	384.163	0.000	384.163	0.000
329.675	11.760	0.0000	10.971	384.314	0.000	384.314	0.000
330.674	11.765	0.0000	11.004	384.461	0.000	384.461	0.000
331.674	11.770	0.0000	11.038	384.627	0.000	384.627	0.000
332.673	11.774	0.0000	11.071	384.771	0.000	384.771	0.000
333.672	11.779	0.0000	11.104	384.941	0.000	384.941	0.000
334.67	11.784	0.0000	11.137	385.095	0.000	385.095	0.000
335.669	11.788	0.0000	11.171	385.219	0.000	385.219	0.000
336.668	11.792	0.0000	11.204	385.353	0.000	385.353	0.000
337.668	11.796	0.0000	11.237	385.503	0.000	385.503	0.000
338.666	11.801	0.0000	11.271	385.637	0.000	385.637	0.000
339.665	11.805	0.0000	11.304	385.788	0.000	385.788	0.000
340.664	11.810	0.0000	11.337	385.948	0.000	385.948	0.000
341.664	11.814	0.0000	11.371	386.088	0.000	386.088	0.000
342.662	11.818	0.0000	11.404	386.216	0.000	386.216	0.000
343.662	11.823	0.0000	11.437	386.363	0.000	386.363	0.000
344.66	11.827	0.0000	11.470	386.510	0.000	386.510	0.000
345.66	11.830	0.0000	11.504	386.605	0.000	386.605	0.000
346.659	11.835	0.0000	11.537	386.765	0.000	386.765	0.000
347.658	11.840	0.0000	11.570	386.925	0.000	386.925	0.000
348.656	11.844	0.0000	11.604	387.056	0.000	387.056	0.000
349.656	11.847	0.0000	11.637	387.157	0.000	387.157	0.000
350.655	11.851	0.0000	11.670	387.294	0.000	387.294	0.000
351.653	11.856	0.0000	11.704	387.435	0.000	387.435	0.000
352.651	11.860	0.0000	11.737	387.582	0.000	387.582	0.000
353.651	11.865	0.0000	11.770	387.732	0.000	387.732	0.000
354.65	11.866	0.0000	11.803	387.791	0.000	387.791	0.000
355.648	11.871	0.0000	11.837	387.941	0.000	387.941	0.000
356.648	11.875	0.0000	11.870	388.085	0.000	388.085	0.000
357.647	11.880	0.0000	11.903	388.235	0.000	388.235	0.000
358.645	11.883	0.0000	11.937	388.337	0.000	388.337	0.000
359.645	11.887	0.0000	11.970	388.471	0.000	388.471	0.000
360.644	11.890	0.0000	12.003	388.572	0.000	388.572	0.000
361.644	11.895	0.0000	12.037	388.725	0.000	388.725	0.000
362.641	11.899	0.0000	12.070	388.846	0.000	388.846	0.000
363.641	11.903	0.0000	12.103	388.990	0.000	388.990	0.000
364.638	11.906	0.0000	12.136	389.069	0.000	389.069	0.000
365.64	11.910	0.0000	12.170	389.216	0.000	389.216	0.000
366.638	11.914	0.0000	12.203	389.330	0.000	389.330	0.000
367.637	11.917	0.0000	12.236	389.458	0.000	389.458	0.000
368.637	11.921	0.0000	12.270	389.562	0.000	389.562	0.000
369.636	11.925	0.0000	12.303	389.706	0.000	389.706	0.000
370.635	11.929	0.0000	12.336	389.833	0.000	389.833	0.000
371.632	11.932	0.0000	12.370	389.918	0.000	389.918	0.000
372.631	11.935	0.0000	12.403	390.036	0.000	390.036	0.000
373.632	11.940	0.0000	12.436	390.196	0.000	390.196	0.000
374.63	11.943	0.0000	12.469	390.297	0.000	390.297	0.000
375.63	11.946	0.0000	12.503	390.376	0.000	390.376	0.000
376.628	11.950	0.0000	12.536	390.523	0.000	390.523	0.000
377.628	11.954	0.0000	12.569	390.667	0.000	390.667	0.000
378.627	11.957	0.0000	12.603	390.745	0.000	390.745	0.000
379.626	11.960	0.0000	12.636	390.850	0.000	390.850	0.000
380.624	11.964	0.0000	12.669	390.990	0.000	390.990	0.000
381.624	11.966	0.0000	12.703	391.059	0.000	391.059	0.000
382.622	11.970	0.0000	12.736	391.176	0.000	391.176	0.000
383.622	11.975	0.0000	12.769	391.327	0.000	391.327	0.000
384.621	11.977	0.0000	12.802	391.408	0.000	391.408	0.000
385.62	11.980	0.0000	12.836	391.503	0.000	391.503	0.000
386.618	11.985	0.0000	12.869	391.663	0.000	391.663	0.000
387.618	11.987	0.0000	12.902	391.745	0.000	391.745	0.000
388.617	11.990	0.0000	12.936	391.830	0.000	391.830	0.000
389.615	11.995	0.0000	12.969	391.987	0.000	391.987	0.000
390.615	11.997	0.0000	13.002	392.052	0.000	392.052	0.000
391.614	12.000	0.0000	13.036	392.157	0.000	392.157	0.000
392.612	12.004	0.0000	13.069	392.301	0.000	392.301	0.000
393.612	12.007	0.0000	13.102	392.373	0.000	392.373	0.000
394.611	12.010	0.0000	13.135	392.484	0.000	392.484	0.000
395.609	12.014	0.0000	13.169	392.621	0.000	392.621	0.000
396.608	12.015	0.0000	13.202	392.647	0.000	392.647	0.000
397.608	12.020	0.0000	13.235	392.801	0.000	392.801	0.000
398.607	12.023	0.0000	13.269	392.902	0.000	392.902	0.000
399.605	12.025	0.0000	13.302	392.974	0.000	392.974	0.000
400.605	12.029	0.0000	13.335	393.118	0.000	393.118	0.000
401.604	12.030	0.0000	13.369	393.147	0.000	393.147	0.000
402.602	12.035	0.0000	13.402	393.301	0.000	393.301	0.000
403.602	12.037	0.0000	13.435	393.373	0.000	393.373	0.000
404.599	12.040	0.0000	13.468	393.464	0.000	393.464	0.000
405.599	12.043	0.0000	13.502	393.565	0.000	393.565	0.000
406.599	12.045	0.0000	13.535	393.637	0.000	393.637	0.000
407.598	12.050	0.0000	13.568	393.791	0.000	393.791	0.000
408.597	12.051	0.0000	13.602	393.827	0.000	393.827	0.000
409.596	12.055	0.0000	13.635	393.954	0.000	393.954	0.000
410.595	12.057	0.0000	13.668	394.029	0.000	394.029	0.000
411.595	12.060	0.0000	13.702	394.118	0.000	394.118	0.000
412.592	12.062	0.0000	13.735	394.196	0.000	394.196	0.000
413.593	12.065	0.0000	13.768	394.281	0.000	394.281	0.000
414.59	12.069	0.0000	13.801	394.412	0.000	394.412	0.000
415.591	12.072	0.0000	13.835	394.500	0.000	394.500	0.000
416.587	12.075	0.0000	13.868	394.608	0.000	394.608	0.000
417.588	12.075	0.0000	13.901	394.608	0.000	394.608	0.000
418.587	12.080	0.0000	13.935	394.761	0.000	394.761	0.000
419.586	12.082	0.0000	13.968	394.830	0.000	394.830	0.000
420.585	12.085	0.0000	14.001	394.935	0.000	394.935	0.000
421.584	12.087	0.0000	14.035	394.993	0.000	394.993	0.000
422.582	12.090	0.0000	14.068	395.098	0.000	395.098	0.000
423.583	12.092	0.0000	14.101	395.173	0.000	395.173	0.000
424.581	12.095	0.0000	14.134	395.261	0.000	395.261	0.000
425.579	12.098	0.0000	14.168	395.369	0.000	395.369	0.000
426.578	12.100	0.0000	14.201	395.425	0.000	395.425	0.000
427.579	12.104	0.0000	14.234	395.556	0.000	395.556	0.000
428.576	12.105	0.0000	14.268	395.588	0.000	395.588	0.000
429.577	12.109	0.0000	14.301	395.725	0.000	395.725	0.000
430.575	12.110	0.0000	14.334	395.752	0.000	395.752	0.000
431.574	12.114	0.0000	14.368	395.869	0.000	395.869	0.000
432.572	12.115	0.0000	14.401	395.915	0.000	395.915	0.000
433.572	12.120	0.0000	14.434	396.072	0.000	396.072	0.000
434.571	12.120	0.0000	14.468	396.078	0.000	396.078	0.000
435.571	12.123	0.0000	14.501	396.173	0.000	396.173	0.000
436.568	12.125	0.0000	14.534	396.255	0.000	396.255	0.000
437.569	12.130	0.0000	14.567	396.405	0.000	396.405	0.000
438.566	12.130	0.0000	14.601	396.405	0.000	396.405	0.000
439.566	12.133	0.0000	14.634	396.513	0.000	396.513	0.000
440.566	12.135	0.0000	14.667	396.569	0.000	396.569	0.000
441.562	12.138	0.0000	14.701	396.670	0.000	396.670	0.000
442.561	12.140	0.0000	14.734	396.732	0.000	396.732	0.000
443.56	12.140	0.0000	14.767	396.745	0.000	396.745	0.000
444.56	12.145	0.0000	14.801	396.895	0.000	396.895	0.000
445.56	12.146	0.0000	14.834	396.935	0.000	396.935	0.000
446.558	12.150	0.0000	14.867	397.059	0.000	397.059	0.000
447.558	12.150	0.0000	14.900	397.059	0.000	397.059	0.000
448.558	12.154	0.0000	14.934	397.199	0.000	397.199	0.000
449.555	12.155	0.0000	14.967	397.222	0.000	397.222	0.000
450.556	12.157	0.0000	15.000	397.301	0.000	397.301	0.000
451.554	12.160	0.0000	15.034	397.386	0.000	397.386	0.000
452.552	12.161	0.0000	15.067	397.415	0.000	397.415	0.000
453.55	12.165	0.0000	15.100	397.549	0.000	397.549	0.000
454.551	12.166	0.0000	15.134	397.578	0.000	397.578	0.000
455.548	12.170	0.0000	15.167	397.712	0.000	397.712	0.000
456.549	12.170	0.0000	15.200	397.712	0.000	397.712	0.000
457.548	12.172	0.0000	15.233	397.791	0.000	397.791	0.000
458.548	12.175	0.0000	15.267	397.876	0.000	397.876	0.000
459.546	12.177	0.0000	15.300	397.948	0.000	397.948	0.000
460.544	12.180	0.0000	15.333	398.039	0.000	398.039	0.000
461.543	12.181	0.0000	15.367	398.085	0.000	398.085	0.000
462.543	12.185	0.0000	15.400	398.203	0.000	398.203	0.000
463.543	12.185	0.0000	15.433	398.203	0.000	398.203	0.000
464.541	12.189	0.0000	15.467	398.337	0.000	398.337	0.000
465.541	12.190	0.0000	15.500	398.366	0.000	398.366	0.000
466.539	12.190	0.0000	15.533	398.366	0.000	398.366	0.000
467.536	12.195	0.0000	15.566	398.523	0.000	398.523	0.000
468.538	12.195	0.0000	15.600	398.529	0.000	398.529	0.000
469.536	12.198	0.0000	15.633	398.621	0.000	398.621	0.000
470.537	12.200	0.0000	15.666	398.693	0.000	398.693	0.000
471.534	12.200	0.0000	15.700	398.693	0.000	398.693	0.000
472.533	12.205	0.0000	15.733	398.856	0.000	398.856	0.000
473.533	12.205	0.0000	15.766	398.856	0.000	398.856	0.000
474.531	12.206	0.0000	15.800	398.882	0.000	398.882	0.000
475.531	12.210	0.0000	15.833	399.020	0.000	399.020	0.000
476.529	12.210	0.0000	15.866	399.020	0.000	399.020	0.000
477.527	12.212	0.0000	15.899	399.095	0.000	399.095	0.000
478.528	12.215	0.0000	15.933	399.183	0.000	399.183	0.000
479.526	12.215	0.0000	15.966	399.183	0.000	399.183	0.000
480.526	12.218	0.0000	15.999	399.268	0.000	399.268	0.000
481.524	12.220	0.0000	16.033	399.346	0.000	399.346	0.000
482.523	12.220	0.0000	16.066	399.346	0.000	399.346	0.000
483.522	12.222	0.0000	16.099	399.402	0.000	399.402	0.000
484.521	12.225	0.0000	16.133	399.510	0.000	399.510	0.000
485.521	12.225	0.0000	16.166	399.510	0.000	399.510	0.000
486.52	12.229	0.0000	16.199	399.627	0.000	399.627	0.000
487.519	12.230	0.0000	16.232	399.673	0.000	399.673	0.000
488.517	12.230	0.0000	16.266	399.673	0.000	399.673	0.000
489.517	12.234	0.0000	16.299	399.797	0.000	399.797	0.000
490.513	12.235	0.0000	16.332	399.837	0.000	399.837	0.000
491.515	12.235	0.0000	16.366	399.837	0.000	399.837	0.000
492.513	12.238	0.0000	16.399	399.931	0.000	399.931	0.000
493.511	12.240	0.0000	16.432	400.000	0.000	400.000	0.000
494.511	12.240	0.0000	16.466	400.000	0.000	400.000	0.000
495.511	12.243	0.0000	16.499	400.098	0.000	400.098	0.000
496.51	12.245	0.0000	16.532	400.163	0.000	400.163	0.000
497.508	12.245	0.0000	16.565	400.170	0.000	400.170	0.000
498.508	12.250	0.0000	16.599	400.327	0.000	400.327	0.000
499.507	12.250	0.0000	16.632	400.327	0.000	400.327	0.000
500.506	12.250	0.0000	16.665	400.327	0.000	400.327	0.000
501.505	12.252	0.0000	16.699	400.402	0.000	400.402	0.000
502.502	12.255	0.0000	16.732	400.490	0.000	400.490	0.000
503.502	12.255	0.0000	16.765	400.490	0.000	400.490	0.000
504.502	12.256	0.0000	16.799	400.529	0.000	400.529	0.000
505.5	12.260	0.0000	16.832	400.654	0.000	400.654	0.000
506.499	12.260	0.0000	16.865	400.654	0.000	400.654	0.000
507.498	12.264	0.0000	16.898	400.771	0.000	400.771	0.000
508.496	12.265	0.0000	16.932	400.817	0.000	400.817	0.000
509.497	12.265	0.0000	16.965	400.817	0.000	400.817	0.000
510.494	12.265	0.0000	16.998	400.817	0.000	400.817	0.000
511.493	12.269	0.0000	17.032	400.954	0.000	400.954	0.000
512.493	12.270	0.0000	17.065	400.980	0.000	400.980	0.000
513.491	12.270	0.0000	17.098	400.980	0.000	400.980	0.000
514.49	12.273	0.0000	17.132	401.082	0.000	401.082	0.000
515.491	12.275	0.0000	17.165	401.144	0.000	401.144	0.000
516.49	12.275	0.0000	17.198	401.144	0.000	401.144	0.000
517.488	12.275	0.0000	17.231	401.144	0.000	401.144	0.000
518.487	12.280	0.0000	17.265	401.294	0.000	401.294	0.000
519.486	12.280	0.0000	17.298	401.307	0.000	401.307	0.000
520.485	12.280	0.0000	17.331	401.307	0.000	401.307	0.000
521.483	12.281	0.0000	17.365	401.340	0.000	401.340	0.000
522.484	12.285	0.0000	17.398	401.471	0.000	401.471	0.000
523.482	12.285	0.0000	17.431	401.471	0.000	401.471	0.000
524.483	12.285	0.0000	17.465	401.471	0.000	401.471	0.000
525.48	12.289	0.0000	17.498	401.601	0.000	401.601	0.000
526.48	12.290	0.0000	17.531	401.634	0.000	401.634	0.000
527.479	12.290	0.0000	17.564	401.634	0.000	401.634	0.000
528.478	12.290	0.0000	17.598	401.634	0.000	401.634	0.000
529.475	12.291	0.0000	17.631	401.650	0.000	401.650	0.000
530.475	12.295	0.0000	17.664	401.797	0.000	401.797	0.000
531.473	12.295	0.0000	17.698	401.797	0.000	401.797	0.000
532.472	12.295	0.0000	17.731	401.797	0.000	401.797	0.000
533.472	12.295	0.0000	17.764	401.797	0.000	401.797	0.000
534.472	12.299	0.0000	17.798	401.912	0.000	401.912	0.000
535.471	12.300	0.0000	17.831	401.961	0.000	401.961	0.000
536.471	12.300	0.0000	17.864	401.961	0.000	401.961	0.000
537.467	12.300	0.0000	17.897	401.961	0.000	401.961	0.000
538.469	12.302	0.0000	17.931	402.033	0.000	402.033	0.000
539.467	12.305	0.0000	17.964	402.124	0.000	402.124	0.000
540.465	12.305	0.0000	17.997	402.124	0.000	402.124	0.000
541.466	12.305	0.0000	18.031	402.124	0.000	402.124	0.000
542.464	12.306	0.0000	18.064	402.141	0.000	402.141	0.000
543.463	12.310	0.0000	18.097	402.288	0.000	402.288	0.000
544.463	12.310	0.0000	18.131	402.288	0.000	402.288	0.000
545.459	12.310	0.0000	18.164	402.288	0.000	402.288	0.000
546.459	12.310	0.0000	18.197	402.288	0.000	402.288	0.000
547.459	12.310	0.0000	18.230	402.288	0.000	402.288	0.000
548.457	12.314	0.0000	18.264	402.412	0.000	402.412	0.000
549.456	12.315	0.0000	18.297	402.451	0.000	402.451	0.000
550.457	12.315	0.0000	18.330	402.451	0.000	402.451	0.000
551.455	12.315	0.0000	18.364	402.451	0.000	402.451	0.000
552.452	12.316	0.0000	18.397	402.480	0.000	402.480	0.000
553.452	12.320	0.0000	18.430	402.614	0.000	402.614	0.000
554.453	12.320	0.0000	18.464	402.614	0.000	402.614	0.000
555.451	12.320	0.0000	18.497	402.614	0.000	402.614	0.000
556.45	12.320	0.0000	18.530	402.614	0.000	402.614	0.000
557.449	12.323	0.0000	18.563	402.699	0.000	402.699	0.000
558.448	12.325	0.0000	18.597	402.778	0.000	402.778	0.000
559.447	12.325	0.0000	18.630	402.778	0.000	402.778	0.000
560.447	12.325	0.0000	18.663	402.778	0.000	402.778	0.000
561.446	12.325	0.0000	18.697	402.778	0.000	402.778	0.000
562.444	12.325	0.0000	18.730	402.778	0.000	402.778	0.000
563.442	12.325	0.0000	18.763	402.791	0.000	402.791	0.000
564.442	12.330	0.0000	18.797	402.941	0.000	402.941	0.000
565.439	12.330	0.0000	18.830	402.941	0.000	402.941	0.000
566.439	12.330	0.0000	18.863	402.941	0.000	402.941	0.000
567.439	12.330	0.0000	18.896	402.941	0.000	402.941	0.000
568.438	12.330	0.0000	18.930	402.941	0.000	402.941	0.000
569.438	12.332	0.0000	18.963	402.997	0.000	402.997	0.000
570.437	12.335	0.0000	18.996	403.105	0.000	403.105	0.000
571.436	12.335	0.0000	19.030	403.105	0.000	403.105	0.000
572.432	12.335	0.0000	19.063	403.105	0.000	403.105	0.000
573.434	12.335	0.0000	19.096	403.105	0.000	403.105	0.000
574.432	12.335	0.0000	19.130	403.105	0.000	403.105	0.000
575.43	12.338	0.0000	19.163	403.196	0.000	403.196	0.000
576.43	12.340	0.0000	19.196	403.268	0.000	403.268	0.000
577.429	12.340	0.0000	19.229	403.268	0.000	403.268	0.000
578.428	12.340	0.0000	19.263	403.268	0.000	403.268	0.000
579.428	12.340	0.0000	19.296	403.268	0.000	403.268	0.000
580.425	12.340	0.0000	19.329	403.268	0.000	403.268	0.000
581.424	12.341	0.0000	19.363	403.294	0.000	403.294	0.000
582.424	12.345	0.0000	19.396	403.431	0.000	403.431	0.000
583.422	12.345	0.0000	19.429	403.431	0.000	403.431	0.000
584.422	12.345	0.0000	19.463	403.431	0.000	403.431	0.000
585.421	12.345	0.0000	19.496	403.431	0.000	403.431	0.000
586.421	12.345	0.0000	19.529	403.431	0.000	403.431	0.000
587.42	12.345	0.0000	19.562	403.431	0.000	403.431	0.000
588.416	12.345	0.0000	19.596	403.431	0.000	403.431	0.000
589.417	12.349	0.0000	19.629	403.569	0.000	403.569	0.000
590.417	12.350	0.0000	19.662	403.595	0.000	403.595	0.000
591.416	12.350	0.0000	19.696	403.595	0.000	403.595	0.000
592.414	12.350	0.0000	19.729	403.595	0.000	403.595	0.000
593.414	12.350	0.0000	19.762	403.595	0.000	403.595	0.000
594.412	12.350	0.0000	19.796	403.595	0.000	403.595	0.000
595.411	12.350	0.0000	19.829	403.595	0.000	403.595	0.000
596.411	12.354	0.0000	19.862	403.709	0.000	403.709	0.000
597.41	12.355	0.0000	19.895	403.758	0.000	403.758	0.000
598.409	12.355	0.0000	19.929	403.758	0.000	403.758	0.000
599.406	12.355	0.0000	19.962	403.758	0.000	403.758	0.000
600.405	12.355	0.0000	19.995	403.758	0.000	403.758	0.000
601.406	12.355	0.0000	20.029	403.758	0.000	403.758	0.000
602.404	12.355	0.0000	20.062	403.758	0.000	403.758	0.000
603.404	12.355	0.0000	20.095	403.758	0.000	403.758	0.000
604.401	12.356	0.0000	20.129	403.801	0.000	403.801	0.000
605.4	12.360	0.0000	20.162	403.922	0.000	403.922	0.000
606.4	12.360	0.0000	20.195	403.922	0.000	403.922	0.000
607.4	12.360	0.0000	20.228	403.922	0.000	403.922	0.000
608.399	12.360	0.0000	20.262	403.922	0.000	403.922	0.000
609.398	12.360	0.0000	20.295	403.922	0.000	403.922	0.000
610.397	12.360	0.0000	20.328	403.922	0.000	403.922	0.000
611.396	12.360	0.0000	20.362	403.922	0.000	403.922	0.000
612.393	12.360	0.0000	20.395	403.922	0.000	403.922	0.000
613.394	12.360	0.0000	20.428	403.922	0.000	403.922	0.000
614.391	12.363	0.0000	20.462	404.023	0.000	404.023	0.000
615.391	12.365	0.0000	20.495	404.085	0.000	404.085	0.000
616.391	12.365	0.0000	20.528	404.085	0.000	404.085	0.000
617.39	12.365	0.0000	20.561	404.085	0.000	404.085	0.000
618.388	12.365	0.0000	20.595	404.085	0.000	404.085	0.000
619.387	12.365	0.0000	20.628	404.085	0.000	404.085	0.000
620.386	12.365	0.0000	20.661	404.085	0.000	404.085	0.000
621.386	12.365	0.0000	20.695	404.085	0.000	404.085	0.000
622.385	12.365	0.0000	20.728	404.085	0.000	404.085	0.000
623.383	12.365	0.0000	20.761	404.085	0.000	404.085	0.000
624.383	12.365	0.0000	20.795	404.085	0.000	404.085	0.000
625.382	12.365	0.0000	20.828	404.085	0.000	404.085	0.000
626.381	12.365	0.0000	20.861	404.085	0.000	404.085	0.000
627.38	12.365	0.0000	20.894	404.085	0.000	404.085	0.000
628.38	12.365	0.0000	20.928	404.085	0.000	404.085	0.000
629.378	12.368	0.0000	20.961	404.186	0.000	404.186	0.000
630.376	12.370	0.0000	20.994	404.248	0.000	404.248	0.000
631.375	12.370	0.0000	21.028	404.248	0.000	404.248	0.000
632.374	12.370	0.0000	21.061	404.248	0.000	404.248	0.000
633.373	12.370	0.0000	21.094	404.248	0.000	404.248	0.000
634.371	12.370	0.0000	21.128	404.248	0.000	404.248	0.000
635.372	12.370	0.0000	21.161	404.248	0.000	404.248	0.000
636.371	12.370	0.0000	21.194	404.248	0.000	404.248	0.000
637.369	12.370	0.0000	21.227	404.248	0.000	404.248	0.000
638.367	12.370	0.0000	21.261	404.248	0.000	404.248	0.000
639.367	12.370	0.0000	21.294	404.248	0.000	404.248	0.000
640.367	12.370	0.0000	21.327	404.248	0.000	404.248	0.000
641.367	12.370	0.0000	21.361	404.248	0.000	404.248	0.000
642.364	12.372	0.0000	21.394	404.317	0.000	404.317	0.000
643.363	12.375	0.0000	21.427	404.412	0.000	404.412	0.000
644.362	12.375	0.0000	21.461	404.412	0.000	404.412	0.000
645.362	12.375	0.0000	21.494	404.412	0.000	404.412	0.000
646.359	12.375	0.0000	21.527	404.412	0.000	404.412	0.000
647.359	12.375	0.0000	21.560	404.412	0.000	404.412	0.000
648.359	12.375	0.0000	21.594	404.412	0.000	404.412	0.000
649.358	12.375	0.0000	21.627	404.412	0.000	404.412	0.000
650.357	12.375	0.0000	21.660	404.412	0.000	404.412	0.000
651.357	12.375	0.0000	21.694	404.412	0.000	404.412	0.000
652.355	12.375	0.0000	21.727	404.412	0.000	404.412	0.000
653.354	12.375	0.0000	21.760	404.412	0.000	404.412	0.000
654.353	12.375	0.0000	21.794	404.412	0.000	404.412	0.000
655.35	12.375	0.0000	21.827	404.412	0.000	404.412	0.000
656.35	12.375	0.0000	21.860	404.412	0.000	404.412	0.000
657.351	12.375	0.0000	21.893	404.412	0.000	404.412	0.000
658.347	12.375	0.0000	21.927	404.412	0.000	404.412	0.000
659.348	12.375	0.0000	21.960	404.412	0.000	404.412	0.000
660.346	12.375	0.0000	21.993	404.412	0.000	404.412	0.000
661.346	12.375	0.0000	22.027	404.412	0.000	404.412	0.000
662.344	12.375	0.0000	22.060	404.412	0.000	404.412	0.000
663.344	12.375	0.0000	22.093	404.412	0.000	404.412	0.000
664.343	12.375	0.0000	22.127	404.412	0.000	404.412	0.000
665.34	12.375	0.0000	22.160	404.412	0.000	404.412	0.000
666.341	12.375	0.0000	22.193	404.412	0.000	404.412	0.000
667.339	12.375	0.0000	22.226	404.412	0.000	404.412	0.000
668.339	12.375	0.0000	22.260	404.412	0.000	404.412	0.000
669.338	12.375	0.0000	22.293	404.412	0.000	404.412	0.000
670.336	12.375	0.0000	22.326	404.412	0.000	404.412	0.000
671.337	12.375	0.0000	22.360	404.412	0.000	404.412	0.000
672.336	12.375	0.0000	22.393	404.412	0.000	404.412	0.000
673.335	12.375	0.0000	22.426	404.412	0.000	404.412	0.000
674.334	12.375	0.0000	22.460	404.412	0.000	404.412	0.000
675.333	12.375	0.0000	22.493	404.412	0.000	404.412	0.000
676.331	12.375	0.0000	22.526	404.412	0.000	404.412	0.000
677.33	12.375	0.0000	22.559	404.412	0.000	404.412	0.000
678.327	12.375	0.0000	22.593	404.412	0.000	404.412	0.000
679.327	12.375	0.0000	22.626	404.412	0.000	404.412	0.000
680.328	12.375	0.0000	22.659	404.412	0.000	404.412	0.000
681.326	12.375	0.0000	22.693	404.412	0.000	404.412	0.000
682.326	12.375	0.0000	22.726	404.412	0.000	404.412	0.000
683.325	12.375	0.0000	22.759	404.412	0.000	404.412	0.000
684.323	12.375	0.0000	22.793	404.412	0.000	404.412	0.000
685.322	12.375	0.0000	22.826	404.412	0.000	404.412	0.000
686.322	12.375	0.0000	22.859	404.412	0.000	404.412	0.000
687.321	12.375	0.0000	22.892	404.412	0.000	404.412	0.000
688.318	12.375	0.0000	22.926	404.412	0.000	404.412	0.000
689.317	12.375	0.0000	22.959	404.412	0.000	404.412	0.000
690.317	12.375	0.0000	22.992	404.412	0.000	404.412	0.000
691.316	12.375	0.0000	23.026	404.412	0.000	404.412	0.000
692.315	12.375	0.0000	23.059	404.412	0.000	404.412	0.000
693.314	12.375	0.0000	23.092	404.412	0.000	404.412	0.000
694.314	12.375	0.0000	23.126	404.412	0.000	404.412	0.000
695.313	12.375	0.0000	23.159	404.412	0.000	404.412	0.000
696.312	12.375	0.0000	23.192	404.412	0.000	404.412	0.000
697.31	12.375	0.0000	23.225	404.412	0.000	404.412	0.000
698.308	12.375	0.0000	23.259	404.412	0.000	404.412	0.000
699.308	12.375	0.0000	23.292	404.412	0.000	404.412	0.000
700.308	12.375	0.0000	23.325	404.412	0.000	404.412	0.000
701.305	12.373	0.0000	23.359	404.350	0.000	404.350	0.000
702.306	12.370	0.0000	23.392	404.248	0.000	404.248	0.000
703.303	12.370	0.0000	23.425	404.248	0.000	404.248	0.000
704.303	12.370	0.0000	23.459	404.248	0.000	404.248	0.000
705.301	12.370	0.0000	23.492	404.248	0.000	404.248	0.000
706.301	12.370	0.0000	23.525	404.248	0.000	404.248	0.000
707.301	12.370	0.0000	23.558	404.248	0.000	404.248	0.000
708.3	12.370	0.0000	23.592	404.248	0.000	404.248	0.000
709.298	12.370	0.0000	23.625	404.248	0.000	404.248	0.000
710.297	12.370	0.0000	23.658	404.248	0.000	404.248	0.000
711.297	12.370	0.0000	23.692	404.248	0.000	404.248	0.000
712.295	12.370	0.0000	23.725	404.248	0.000	404.248	0.000
713.293	12.370	0.0000	23.758	404.248	0.000	404.248	0.000
714.294	12.370	0.0000	23.792	404.248	0.000	404.248	0.000
715.293	12.370	0.0000	23.825	404.248	0.000	404.248	0.000
716.291	12.370	0.0000	23.858	404.248	0.000	404.248	0.000
717.291	12.370	0.0000	23.891	404.248	0.000	404.248	0.000
718.29	12.365	0.0000	23.925	404.098	0.000	404.098	0.000
719.288	12.365	0.0000	23.958	404.085	0.000	404.085	0.000
720.288	12.365	0.0000	23.991	404.085	0.000	404.085	0.000
721.284	12.365	0.0000	24.025	404.085	0.000	404.085	0.000
722.285	12.365	0.0000	24.058	404.085	0.000	404.085	0.000
723.285	12.365	0.0000	24.091	404.085	0.000	404.085	0.000
724.284	12.365	0.0000	24.125	404.085	0.000	404.085	0.000
725.282	12.365	0.0000	24.158	404.085	0.000	404.085	0.000
726.282	12.365	0.0000	24.191	404.085	0.000	404.085	0.000
727.281	12.365	0.0000	24.224	404.085	0.000	404.085	0.000
728.279	12.363	0.0000	24.258	404.016	0.000	404.016	0.000
729.278	12.360	0.0000	24.291	403.922	0.000	403.922	0.000
730.277	12.360	0.0000	24.324	403.922	0.000	403.922	0.000
731.276	12.360	0.0000	24.358	403.922	0.000	403.922	0.000
732.276	12.360	0.0000	24.391	403.922	0.000	403.922	0.000
733.274	12.360	0.0000	24.424	403.922	0.000	403.922	0.000
734.273	12.360	0.0000	24.458	403.922	0.000	403.922	0.000
735.272	12.360	0.0000	24.491	403.922	0.000	403.922	0.000
736.271	12.360	0.0000	24.524	403.922	0.000	403.922	0.000
737.272	12.360	0.0000	24.557	403.922	0.000	403.922	0.000
738.27	12.360	0.0000	24.591	403.922	0.000	403.922	0.000
739.268	12.358	0.0000	24.624	403.863	0.000	403.863	0.000
740.268	12.355	0.0000	24.657	403.758	0.000	403.758	0.000
741.266	12.355	0.0000	24.691	403.758	0.000	403.758	0.000
742.265	12.355	0.0000	24.724	403.758	0.000	403.758	0.000
743.265	12.355	0.0000	24.757	403.758	0.000	403.758	0.000
744.263	12.355	0.0000	24.791	403.758	0.000	403.758	0.000
745.263	12.355	0.0000	24.824	403.755	0.000	403.755	0.000
746.263	12.350	0.0000	24.857	403.595	0.000	403.595	0.000
747.261	12.350	0.0000	24.891	403.595	0.000	403.595	0.000
748.26	12.350	0.0000	24.924	403.595	0.000	403.595	0.000
749.257	12.350	0.0000	24.957	403.595	0.000	403.595	0.000
750.257	12.350	0.0000	24.990	403.595	0.000	403.595	0.000
751.257	12.350	0.0000	25.024	403.595	0.000	403.595	0.000
752.257	12.348	0.0000	25.057	403.533	0.000	403.533	0.000
753.255	12.345	0.0000	25.090	403.431	0.000	403.431	0.000
754.255	12.345	0.0000	25.124	403.431	0.000	403.431	0.000
755.253	12.345	0.0000	25.157	403.431	0.000	403.431	0.000
756.252	12.345	0.0000	25.190	403.431	0.000	403.431	0.000
757.251	12.345	0.0000	25.224	403.431	0.000	403.431	0.000
758.25	12.342	0.0000	25.257	403.343	0.000	403.343	0.000
759.25	12.340	0.0000	25.290	403.268	0.000	403.268	0.000
760.248	12.340	0.0000	25.323	403.268	0.000	403.268	0.000
761.248	12.340	0.0000	25.357	403.268	0.000	403.268	0.000
762.247	12.340	0.0000	25.390	403.268	0.000	403.268	0.000
763.245	12.340	0.0000	25.423	403.265	0.000	403.265	0.000
764.245	12.335	0.0000	25.457	403.105	0.000	403.105	0.000
765.242	12.335	0.0000	25.490	403.105	0.000	403.105	0.000
766.242	12.335	0.0000	25.523	403.105	0.000	403.105	0.000
767.242	12.335	0.0000	25.557	403.105	0.000	403.105	0.000
768.241	12.335	0.0000	25.590	403.095	0.000	403.095	0.000
769.239	12.330	0.0000	25.623	402.941	0.000	402.941	0.000
770.238	12.330	0.0000	25.656	402.941	0.000	402.941	0.000
771.236	12.330	0.0000	25.690	402.941	0.000	402.941	0.000
772.237	12.328	0.0000	25.723	402.882	0.000	402.882	0.000
773.236	12.326	0.0000	25.756	402.804	0.000	402.804	0.000
774.235	12.325	0.0000	25.790	402.778	0.000	402.778	0.000
775.233	12.325	0.0000	25.823	402.778	0.000	402.778	0.000
776.232	12.325	0.0000	25.856	402.778	0.000	402.778	0.000
777.232	12.321	0.0000	25.890	402.647	0.000	402.647	0.000
778.231	12.320	0.0000	25.923	402.614	0.000	402.614	0.000
779.229	12.320	0.0000	25.956	402.614	0.000	402.614	0.000
780.229	12.319	0.0000	25.989	402.585	0.000	402.585	0.000
781.227	12.315	0.0000	26.023	402.451	0.000	402.451	0.000
782.227	12.315	0.0000	26.056	402.451	0.000	402.451	0.000
783.225	12.313	0.0000	26.089	402.389	0.000	402.389	0.000
784.223	12.310	0.0000	26.123	402.288	0.000	402.288	0.000
785.224	12.310	0.0000	26.156	402.288	0.000	402.288	0.000
786.222	12.308	0.0000	26.189	402.235	0.000	402.235	0.000
787.221	12.305	0.0000	26.223	402.124	0.000	402.124	0.000
788.22	12.305	0.0000	26.256	402.124	0.000	402.124	0.000
789.22	12.300	0.0000	26.289	401.967	0.000	401.967	0.000
790.218	12.300	0.0000	26.322	401.961	0.000	401.961	0.000
791.218	12.298	0.0000	26.356	401.902	0.000	401.902	0.000
792.216	12.295	0.0000	26.389	401.797	0.000	401.797	0.000
793.214	12.295	0.0000	26.422	401.797	0.000	401.797	0.000
794.215	12.290	0.0000	26.456	401.637	0.000	401.637	0.000
795.214	12.290	0.0000	26.489	401.631	0.000	401.631	0.000
796.213	12.285	0.0000	26.522	401.471	0.000	401.471	0.000
797.209	12.285	0.0000	26.556	401.471	0.000	401.471	0.000
798.211	12.283	0.0000	26.589	401.399	0.000	401.399	0.000
799.209	12.280	0.0000	26.622	401.307	0.000	401.307	0.000
800.209	12.276	0.0000	26.655	401.163	0.000	401.163	0.000
801.208	12.275	0.0000	26.689	401.144	0.000	401.144	0.000
802.207	12.271	0.0000	26.722	401.013	0.000	401.013	0.000
803.205	12.269	0.0000	26.755	400.935	0.000	400.935	0.000
804.205	12.265	0.0000	26.789	400.817	0.000	400.817	0.000
805.203	12.261	0.0000	26.822	400.680	0.000	400.680	0.000
806.203	12.260	0.0000	26.855	400.654	0.000	400.654	0.000
807.202	12.255	0.0000	26.889	400.503	0.000	400.503	0.000
808.201	12.252	0.0000	26.922	400.392	0.000	400.392	0.000
809.2	12.250	0.0000	26.955	400.327	0.000	400.327	0.000
810.199	12.245	0.0000	26.988	400.163	0.000	400.163	0.000
811.198	12.242	0.0000	27.022	400.056	0.000	400.056	0.000
812.197	12.240	0.0000	27.055	399.984	0.000	399.984	0.000
813.196	12.235	0.0000	27.088	399.837	0.000	399.837	0.000
814.194	12.231	0.0000	27.122	399.712	0.000	399.712	0.000
815.194	12.227	0.0000	27.155	399.588	0.000	399.588	0.000
816.193	12.223	0.0000	27.188	399.444	0.000	399.444	0.000
817.192	12.219	0.0000	27.222	399.304	0.000	399.304	0.000
818.191	12.215	0.0000	27.255	399.180	0.000	399.180	0.000
819.188	12.210	0.0000	27.288	399.020	0.000	399.020	0.000
820.189	12.206	0.0000	27.321	398.873	0.000	398.873	0.000
821.186	12.201	0.0000	27.355	398.712	0.000	398.712	0.000
822.187	12.196	0.0000	27.388	398.565	0.000	398.565	0.000
823.185	12.191	0.0000	27.421	398.402	0.000	398.402	0.000
824.185	12.186	0.0000	27.455	398.242	0.000	398.242	0.000
825.184	12.181	0.0000	27.488	398.082	0.000	398.082	0.000
826.183	12.175	0.0000	27.521	397.876	0.000	397.876	0.000
827.179	12.169	0.0000	27.555	397.686	0.000	397.686	0.000
828.18	12.163	0.0000	27.588	397.493	0.000	397.493	0.000
829.178	12.157	0.0000	27.621	397.297	0.000	397.297	0.000
830.178	12.152	0.0000	27.654	397.111	0.000	397.111	0.000
831.176	12.145	0.0000	27.688	396.895	0.000	396.895	0.000
832.176	12.139	0.0000	27.721	396.686	0.000	396.686	0.000
833.176	12.133	0.0000	27.754	396.500	0.000	396.500	0.000
834.175	12.126	0.0000	27.788	396.275	0.000	396.275	0.000
835.173	12.118	0.0000	27.821	396.016	0.000	396.016	0.000
836.173	12.113	0.0000	27.854	395.846	0.000	395.846	0.000
837.172	12.106	0.0000	27.888	395.634	0.000	395.634	0.000
838.17	12.098	0.0000	27.921	395.350	0.000	395.350	0.000
839.17	12.091	0.0000	27.954	395.134	0.000	395.134	0.000
840.168	12.083	0.0000	27.987	394.876	0.000	394.876	0.000
841.168	12.076	0.0000	28.021	394.624	0.000	394.624	0.000
842.167	12.068	0.0000	28.054	394.363	0.000	394.363	0.000
843.166	12.059	0.0000	28.087	394.085	0.000	394.085	0.000
844.165	12.051	0.0000	28.121	393.830	0.000	393.830	0.000
845.163	12.043	0.0000	28.154	393.556	0.000	393.556	0.000
846.163	12.034	0.0000	28.187	393.281	0.000	393.281	0.000
847.162	12.025	0.0000	28.221	392.967	0.000	392.967	0.000
848.161	12.016	0.0000	28.254	392.676	0.000	392.676	0.000
849.16	12.007	0.0000	28.287	392.369	0.000	392.369	0.000
850.158	11.997	0.0000	28.320	392.052	0.000	392.052	0.000
851.158	11.987	0.0000	28.354	391.716	0.000	391.716	0.000
852.158	11.977	0.0000	28.387	391.392	0.000	391.392	0.000
853.156	11.966	0.0000	28.420	391.049	0.000	391.049	0.000
854.155	11.956	0.0000	28.454	390.703	0.000	390.703	0.000
855.154	11.945	0.0000	28.487	390.356	0.000	390.356	0.000
856.153	11.934	0.0000	28.520	389.993	0.000	389.993	0.000
857.153	11.922	0.0000	28.554	389.621	0.000	389.621	0.000
858.15	11.911	0.0000	28.587	389.252	0.000	389.252	0.000
859.15	11.899	0.0000	28.620	388.859	0.000	388.859	0.000
860.149	11.886	0.0000	28.653	388.425	0.000	388.425	0.000
861.148	11.873	0.0000	28.687	388.013	0.000	388.013	0.000
862.147	11.860	0.0000	28.720	387.585	0.000	387.585	0.000
863.145	11.847	0.0000	28.753	387.144	0.000	387.144	0.000
864.145	11.832	0.0000	28.787	386.680	0.000	386.680	0.000
865.144	11.818	0.0000	28.820	386.199	0.000	386.199	0.000
866.143	11.803	0.0000	28.853	385.725	0.000	385.725	0.000
867.141	11.787	0.0000	28.887	385.209	0.000	385.209	0.000
868.142	11.771	0.0000	28.920	384.686	0.000	384.686	0.000
869.14	11.754	0.0000	28.953	384.108	0.000	384.108	0.000
870.14	11.736	0.0000	28.986	383.539	0.000	383.539	0.000
871.137	11.718	0.0000	29.020	382.935	0.000	382.935	0.000
872.136	11.699	0.0000	29.053	382.330	0.000	382.330	0.000
873.135	11.679	0.0000	29.086	381.650	0.000	381.650	0.000
874.136	11.657	0.0000	29.120	380.948	0.000	380.948	0.000
875.135	11.635	0.0000	29.153	380.219	0.000	380.219	0.000
876.134	11.610	0.0000	29.186	379.405	0.000	379.405	0.000
877.131	11.584	0.0000	29.220	378.559	0.000	378.559	0.000
878.132	11.557	0.0000	29.253	377.680	0.000	377.680	0.000
879.128	11.527	0.0000	29.286	376.709	0.000	376.709	0.000
880.129	11.495	0.0000	29.319	375.663	0.000	375.663	0.000
881.129	11.460	0.0000	29.353	374.510	0.000	374.510	0.000
882.127	11.420	0.0000	29.386	373.203	0.000	373.203	0.000
883.126	11.375	0.0000	29.419	371.739	0.000	371.739	0.000
884.124	11.325	0.0000	29.453	370.108	0.000	370.108	0.000
885.123	11.269	0.0000	29.486	368.278	0.000	368.278	0.000
886.121	11.207	0.0000	29.519	366.245	0.000	366.245	0.000
887.121	11.138	0.0000	29.553	363.984	0.000	363.984	0.000
888.119	11.061	0.0000	29.586	361.477	0.000	361.477	0.000
889.119	10.975	0.0000	29.619	358.670	0.000	358.670	0.000
890.12	10.881	0.0000	29.652	355.572	0.000	355.572	0.000
891.117	10.776	0.0000	29.686	352.160	0.000	352.160	0.000
892.118	10.660	0.0000	29.719	348.353	0.000	348.353	0.000
893.116	10.529	0.0000	29.752	344.085	0.000	344.085	0.000
894.115	10.382	0.0000	29.786	339.271	0.000	339.271	0.000
895.114	10.214	0.0000	29.819	333.801	0.000	333.801	0.000
896.114	10.022	0.0000	29.852	327.510	0.000	327.510	0.000
897.111	9.796	0.0000	29.886	320.127	0.000	320.127	0.000
898.112	9.523	0.0000	29.919	311.196	0.000	311.196	0.000
899.108	9.168	0.0000	29.952	299.598	0.000	299.598	0.000
900.107	3.251	0.0000	29.985	106.235	0.000	106.235	0.000
