Customer	SGCC_1.5
TestDate	4/4/2026
Coil No/Packet No	45-01
Type	Flat
Size(mm)	20*1.53
So(mm^2)	30.60
Lo(mm)	85
Lu(mm)	
A(%)	/
Su(mm^2)	/
Z(%)	/
Fm(kgf)	1035.0
Rm(MPa)	308
FeH(kgf)	/
ReH(MPa)	/
FeL(kgf)	/
ReL(MPa)	/
Fp(kgf)	2.194
Rp(MPa)	1
Ft(kgf)	/
Rt(MPa)	/
E(GPa)	/


-----------Curve----------
Time	Load	Elong	Disp	Stress	Strain	TrueStress	TrueStrain
0	0.020	0.0000	0.002	0.667	0.000	0.667	0.000
0.998	0.343	0.0000	0.018	11.216	0.000	11.216	0.000
1.998	0.934	0.0000	0.048	30.520	0.000	30.520	0.000
2.998	1.415	0.0000	0.082	46.245	0.000	46.245	0.000
3.997	1.692	0.0000	0.115	55.304	0.000	55.304	0.000
4.995	1.940	0.0000	0.148	63.402	0.000	63.402	0.000
5.995	2.176	0.0000	0.182	71.114	0.000	71.114	0.000
6.994	2.401	0.0000	0.215	78.461	0.000	78.461	0.000
7.991	2.622	0.0000	0.248	85.686	0.000	85.686	0.000
8.992	2.845	0.0000	0.281	92.967	0.000	92.967	0.000
9.991	3.072	0.0000	0.315	100.376	0.000	100.376	0.000
10.988	3.300	0.0000	0.348	107.843	0.000	107.843	0.000
11.989	3.531	0.0000	0.381	115.389	0.000	115.389	0.000
12.988	3.765	0.0000	0.415	123.029	0.000	123.029	0.000
13.988	4.003	0.0000	0.448	130.807	0.000	130.807	0.000
14.985	4.242	0.0000	0.481	138.631	0.000	138.631	0.000
15.985	4.485	0.0000	0.515	146.562	0.000	146.562	0.000
16.985	4.731	0.0000	0.548	154.601	0.000	154.601	0.000
17.982	4.972	0.0000	0.581	162.471	0.000	162.471	0.000
18.981	5.212	0.0000	0.615	170.340	0.000	170.340	0.000
19.981	5.455	0.0000	0.648	178.275	0.000	178.275	0.000
20.979	5.699	0.0000	0.681	186.252	0.000	186.252	0.000
21.977	5.942	0.0000	0.714	194.173	0.000	194.173	0.000
22.977	6.182	0.0000	0.748	202.036	0.000	202.036	0.000
23.976	6.412	0.0000	0.781	209.533	0.000	209.533	0.000
24.975	6.632	0.0000	0.814	216.739	0.000	216.739	0.000
25.974	6.848	0.0000	0.848	223.784	0.000	223.784	0.000
26.974	7.054	0.0000	0.881	230.516	0.000	230.516	0.000
27.972	7.245	0.0000	0.914	236.771	0.000	236.771	0.000
28.971	7.422	0.0000	0.948	242.542	0.000	242.542	0.000
29.971	7.589	0.0000	0.981	248.016	0.000	248.016	0.000
30.969	7.745	0.0000	1.014	253.108	0.000	253.108	0.000
31.97	7.879	0.0000	1.047	257.487	0.000	257.487	0.000
32.967	7.969	0.0000	1.081	260.435	0.000	260.435	0.000
33.967	7.978	0.0000	1.114	260.703	0.000	260.703	0.000
34.966	7.938	0.0000	1.147	259.422	0.000	259.422	0.000
35.966	7.939	0.0000	1.181	259.454	0.000	259.454	0.000
36.964	7.987	0.0000	1.214	261.000	0.000	261.000	0.000
37.962	8.026	0.0000	1.247	262.281	0.000	262.281	0.000
38.962	8.071	0.0000	1.281	263.752	0.000	263.752	0.000
39.961	8.098	0.0000	1.314	264.634	0.000	264.634	0.000
40.96	8.114	0.0000	1.347	265.167	0.000	265.167	0.000
41.959	8.067	0.0000	1.381	263.641	0.000	263.641	0.000
42.958	8.040	0.0000	1.414	262.745	0.000	262.745	0.000
43.957	8.041	0.0000	1.447	262.768	0.000	262.768	0.000
44.955	8.053	0.0000	1.480	263.183	0.000	263.183	0.000
45.954	8.073	0.0000	1.514	263.830	0.000	263.830	0.000
46.955	8.082	0.0000	1.547	264.124	0.000	264.124	0.000
47.953	8.000	0.0000	1.580	261.444	0.000	261.444	0.000
48.951	7.916	0.0000	1.614	258.686	0.000	258.686	0.000
49.952	7.857	0.0000	1.647	256.771	0.000	256.771	0.000
50.951	7.892	0.0000	1.680	257.905	0.000	257.905	0.000
51.947	7.949	0.0000	1.714	259.784	0.000	259.784	0.000
52.948	7.896	0.0000	1.747	258.046	0.000	258.046	0.000
53.946	7.832	0.0000	1.780	255.951	0.000	255.951	0.000
54.944	7.816	0.0000	1.813	255.422	0.000	255.422	0.000
55.946	7.771	0.0000	1.847	253.958	0.000	253.958	0.000
56.942	7.728	0.0000	1.880	252.559	0.000	252.559	0.000
57.944	7.684	0.0000	1.913	251.095	0.000	251.095	0.000
58.942	7.658	0.0000	1.947	250.261	0.000	250.261	0.000
59.941	7.621	0.0000	1.980	249.036	0.000	249.036	0.000
60.941	7.592	0.0000	2.013	248.111	0.000	248.111	0.000
61.938	7.587	0.0000	2.047	247.954	0.000	247.954	0.000
62.939	7.590	0.0000	2.080	248.039	0.000	248.039	0.000
63.937	7.618	0.0000	2.113	248.964	0.000	248.964	0.000
64.936	7.637	0.0000	2.146	249.562	0.000	249.562	0.000
65.933	7.649	0.0000	2.180	249.964	0.000	249.964	0.000
66.934	7.668	0.0000	2.213	250.595	0.000	250.595	0.000
67.934	7.677	0.0000	2.246	250.882	0.000	250.882	0.000
68.933	7.674	0.0000	2.280	250.794	0.000	250.794	0.000
69.931	7.657	0.0000	2.313	250.245	0.000	250.245	0.000
70.931	7.647	0.0000	2.346	249.902	0.000	249.902	0.000
71.929	7.664	0.0000	2.380	250.467	0.000	250.467	0.000
72.928	7.675	0.0000	2.413	250.814	0.000	250.814	0.000
73.927	7.688	0.0000	2.446	251.245	0.000	251.245	0.000
74.927	7.681	0.0000	2.479	250.997	0.000	250.997	0.000
75.926	7.652	0.0000	2.513	250.062	0.000	250.062	0.000
76.922	7.614	0.0000	2.546	248.833	0.000	248.833	0.000
77.922	7.596	0.0000	2.579	248.242	0.000	248.242	0.000
78.923	7.591	0.0000	2.613	248.082	0.000	248.082	0.000
79.922	7.609	0.0000	2.646	248.663	0.000	248.663	0.000
80.919	7.640	0.0000	2.679	249.667	0.000	249.667	0.000
81.919	7.667	0.0000	2.713	250.539	0.000	250.539	0.000
82.918	7.679	0.0000	2.746	250.951	0.000	250.951	0.000
83.918	7.702	0.0000	2.779	251.706	0.000	251.706	0.000
84.917	7.608	0.0000	2.812	248.641	0.000	248.641	0.000
85.915	7.548	0.0000	2.846	246.680	0.000	246.680	0.000
86.913	7.521	0.0000	2.879	245.781	0.000	245.781	0.000
87.913	7.503	0.0000	2.912	245.209	0.000	245.209	0.000
88.912	7.488	0.0000	2.946	244.712	0.000	244.712	0.000
89.91	7.474	0.0000	2.979	244.245	0.000	244.245	0.000
90.91	7.459	0.0000	3.012	243.771	0.000	243.771	0.000
91.91	7.442	0.0000	3.046	243.209	0.000	243.209	0.000
92.908	7.421	0.0000	3.079	242.510	0.000	242.510	0.000
93.908	7.410	0.0000	3.112	242.160	0.000	242.160	0.000
94.905	7.422	0.0000	3.145	242.546	0.000	242.546	0.000
95.907	7.427	0.0000	3.179	242.699	0.000	242.699	0.000
96.905	7.440	0.0000	3.212	243.121	0.000	243.121	0.000
97.903	7.459	0.0000	3.245	243.755	0.000	243.755	0.000
98.902	7.486	0.0000	3.279	244.644	0.000	244.644	0.000
99.903	7.520	0.0000	3.312	245.745	0.000	245.745	0.000
100.901	7.547	0.0000	3.345	246.637	0.000	246.637	0.000
101.899	7.555	0.0000	3.379	246.879	0.000	246.879	0.000
102.897	7.549	0.0000	3.412	246.699	0.000	246.699	0.000
103.898	7.550	0.0000	3.445	246.739	0.000	246.739	0.000
104.898	7.580	0.0000	3.478	247.706	0.000	247.706	0.000
105.896	7.625	0.0000	3.512	249.173	0.000	249.173	0.000
106.895	7.653	0.0000	3.545	250.105	0.000	250.105	0.000
107.894	7.668	0.0000	3.578	250.582	0.000	250.582	0.000
108.892	7.669	0.0000	3.612	250.611	0.000	250.611	0.000
109.891	7.623	0.0000	3.645	249.118	0.000	249.118	0.000
110.891	7.561	0.0000	3.678	247.082	0.000	247.082	0.000
111.89	7.572	0.0000	3.712	247.464	0.000	247.464	0.000
112.889	7.639	0.0000	3.745	249.641	0.000	249.641	0.000
113.888	7.690	0.0000	3.778	251.301	0.000	251.301	0.000
114.886	7.685	0.0000	3.811	251.150	0.000	251.150	0.000
115.887	7.659	0.0000	3.845	250.310	0.000	250.310	0.000
116.884	7.627	0.0000	3.878	249.258	0.000	249.258	0.000
117.883	7.587	0.0000	3.911	247.951	0.000	247.951	0.000
118.883	7.594	0.0000	3.945	248.180	0.000	248.180	0.000
119.881	7.623	0.0000	3.978	249.105	0.000	249.105	0.000
120.882	7.651	0.0000	4.011	250.026	0.000	250.026	0.000
121.881	7.671	0.0000	4.045	250.696	0.000	250.696	0.000
122.879	7.674	0.0000	4.078	250.771	0.000	250.771	0.000
123.876	7.629	0.0000	4.111	249.324	0.000	249.324	0.000
124.878	7.593	0.0000	4.144	248.131	0.000	248.131	0.000
125.875	7.530	0.0000	4.178	246.062	0.000	246.062	0.000
126.875	7.454	0.0000	4.211	243.595	0.000	243.595	0.000
127.873	7.411	0.0000	4.244	242.206	0.000	242.206	0.000
128.873	7.371	0.0000	4.278	240.889	0.000	240.889	0.000
129.87	7.388	0.0000	4.311	241.428	0.000	241.428	0.000
130.87	7.417	0.0000	4.344	242.399	0.000	242.399	0.000
131.87	7.444	0.0000	4.378	243.281	0.000	243.281	0.000
132.868	7.457	0.0000	4.411	243.680	0.000	243.680	0.000
133.869	7.416	0.0000	4.444	242.340	0.000	242.340	0.000
134.867	7.387	0.0000	4.477	241.392	0.000	241.392	0.000
135.865	7.371	0.0000	4.511	240.866	0.000	240.866	0.000
136.865	7.354	0.0000	4.544	240.310	0.000	240.310	0.000
137.865	7.333	0.0000	4.577	239.624	0.000	239.624	0.000
138.862	7.319	0.0000	4.611	239.196	0.000	239.196	0.000
139.863	7.332	0.0000	4.644	239.595	0.000	239.595	0.000
140.86	7.331	0.0000	4.677	239.575	0.000	239.575	0.000
141.861	7.332	0.0000	4.711	239.598	0.000	239.598	0.000
142.859	7.328	0.0000	4.744	239.474	0.000	239.474	0.000
143.858	7.335	0.0000	4.777	239.693	0.000	239.693	0.000
144.857	7.369	0.0000	4.810	240.801	0.000	240.801	0.000
145.854	7.406	0.0000	4.844	242.026	0.000	242.026	0.000
146.855	7.447	0.0000	4.877	243.376	0.000	243.376	0.000
147.855	7.478	0.0000	4.910	244.389	0.000	244.389	0.000
148.854	7.512	0.0000	4.944	245.480	0.000	245.480	0.000
149.851	7.541	0.0000	4.977	246.435	0.000	246.435	0.000
150.852	7.572	0.0000	5.010	247.438	0.000	247.438	0.000
151.849	7.602	0.0000	5.044	248.438	0.000	248.438	0.000
152.85	7.636	0.0000	5.077	249.549	0.000	249.549	0.000
153.848	7.668	0.0000	5.110	250.595	0.000	250.595	0.000
154.848	7.693	0.0000	5.143	251.399	0.000	251.399	0.000
155.846	7.708	0.0000	5.177	251.892	0.000	251.892	0.000
156.845	7.716	0.0000	5.210	252.163	0.000	252.163	0.000
157.844	7.732	0.0000	5.243	252.690	0.000	252.690	0.000
158.844	7.664	0.0000	5.277	250.444	0.000	250.444	0.000
159.843	7.574	0.0000	5.310	247.523	0.000	247.523	0.000
160.842	7.578	0.0000	5.343	247.637	0.000	247.637	0.000
161.841	7.602	0.0000	5.377	248.441	0.000	248.441	0.000
162.839	7.643	0.0000	5.410	249.784	0.000	249.784	0.000
163.837	7.718	0.0000	5.443	252.212	0.000	252.212	0.000
164.837	7.753	0.0000	5.476	253.353	0.000	253.353	0.000
165.837	7.764	0.0000	5.510	253.716	0.000	253.716	0.000
166.836	7.778	0.0000	5.543	254.196	0.000	254.196	0.000
167.834	7.756	0.0000	5.576	253.464	0.000	253.464	0.000
168.834	7.650	0.0000	5.610	250.007	0.000	250.007	0.000
169.832	7.617	0.0000	5.643	248.925	0.000	248.925	0.000
170.832	7.713	0.0000	5.676	252.052	0.000	252.052	0.000
171.831	7.746	0.0000	5.710	253.150	0.000	253.150	0.000
172.83	7.730	0.0000	5.743	252.627	0.000	252.627	0.000
173.829	7.714	0.0000	5.776	252.105	0.000	252.105	0.000
174.829	7.644	0.0000	5.809	249.794	0.000	249.794	0.000
175.827	7.568	0.0000	5.843	247.317	0.000	247.317	0.000
176.827	7.566	0.0000	5.876	247.252	0.000	247.252	0.000
177.824	7.584	0.0000	5.909	247.853	0.000	247.853	0.000
178.825	7.638	0.0000	5.943	249.601	0.000	249.601	0.000
179.822	7.708	0.0000	5.976	251.882	0.000	251.882	0.000
180.822	7.759	0.0000	6.009	253.559	0.000	253.559	0.000
181.819	7.757	0.0000	6.043	253.493	0.000	253.493	0.000
182.82	7.732	0.0000	6.076	252.690	0.000	252.690	0.000
183.819	7.677	0.0000	6.109	250.866	0.000	250.866	0.000
184.818	7.692	0.0000	6.142	251.356	0.000	251.356	0.000
185.816	7.696	0.0000	6.176	251.503	0.000	251.503	0.000
186.815	7.737	0.0000	6.209	252.856	0.000	252.856	0.000
187.815	7.797	0.0000	6.242	254.794	0.000	254.794	0.000
188.814	7.809	0.0000	6.276	255.206	0.000	255.206	0.000
189.813	7.812	0.0000	6.309	255.291	0.000	255.291	0.000
190.813	7.877	0.0000	6.342	257.418	0.000	257.418	0.000
191.812	7.920	0.0000	6.376	258.817	0.000	258.817	0.000
192.809	7.936	0.0000	6.409	259.337	0.000	259.337	0.000
193.809	7.945	0.0000	6.442	259.654	0.000	259.654	0.000
194.809	7.954	0.0000	6.475	259.948	0.000	259.948	0.000
195.808	7.965	0.0000	6.509	260.291	0.000	260.291	0.000
196.806	7.975	0.0000	6.542	260.614	0.000	260.614	0.000
197.805	7.985	0.0000	6.575	260.938	0.000	260.938	0.000
198.804	7.996	0.0000	6.609	261.320	0.000	261.320	0.000
199.803	8.005	0.0000	6.642	261.608	0.000	261.608	0.000
200.803	8.013	0.0000	6.675	261.850	0.000	261.850	0.000
201.802	8.025	0.0000	6.709	262.268	0.000	262.268	0.000
202.8	8.038	0.0000	6.742	262.673	0.000	262.673	0.000
203.8	8.048	0.0000	6.775	262.997	0.000	262.997	0.000
204.799	8.057	0.0000	6.808	263.301	0.000	263.301	0.000
205.798	8.066	0.0000	6.842	263.598	0.000	263.598	0.000
206.796	8.078	0.0000	6.875	263.993	0.000	263.993	0.000
207.796	8.090	0.0000	6.908	264.392	0.000	264.392	0.000
208.794	8.103	0.0000	6.942	264.791	0.000	264.791	0.000
209.794	8.113	0.0000	6.975	265.124	0.000	265.124	0.000
210.793	8.123	0.0000	7.008	265.448	0.000	265.448	0.000
211.792	8.134	0.0000	7.042	265.830	0.000	265.830	0.000
212.791	8.145	0.0000	7.075	266.163	0.000	266.163	0.000
213.789	8.154	0.0000	7.108	266.458	0.000	266.458	0.000
214.789	8.164	0.0000	7.141	266.788	0.000	266.788	0.000
215.787	8.173	0.0000	7.175	267.098	0.000	267.098	0.000
216.786	8.183	0.0000	7.208	267.415	0.000	267.415	0.000
217.785	8.193	0.0000	7.241	267.752	0.000	267.752	0.000
218.783	8.202	0.0000	7.275	268.052	0.000	268.052	0.000
219.783	8.211	0.0000	7.308	268.327	0.000	268.327	0.000
220.78	8.220	0.0000	7.341	268.631	0.000	268.631	0.000
221.781	8.229	0.0000	7.375	268.908	0.000	268.908	0.000
222.781	8.237	0.0000	7.408	269.193	0.000	269.193	0.000
223.779	8.245	0.0000	7.441	269.448	0.000	269.448	0.000
224.779	8.253	0.0000	7.474	269.719	0.000	269.719	0.000
225.778	8.262	0.0000	7.508	270.016	0.000	270.016	0.000
226.777	8.272	0.0000	7.541	270.314	0.000	270.314	0.000
227.775	8.278	0.0000	7.574	270.536	0.000	270.536	0.000
228.775	8.287	0.0000	7.608	270.820	0.000	270.820	0.000
229.774	8.295	0.0000	7.641	271.075	0.000	271.075	0.000
230.773	8.303	0.0000	7.674	271.333	0.000	271.333	0.000
231.771	8.311	0.0000	7.708	271.608	0.000	271.608	0.000
232.77	8.318	0.0000	7.741	271.833	0.000	271.833	0.000
233.77	8.327	0.0000	7.774	272.118	0.000	272.118	0.000
234.768	8.334	0.0000	7.807	272.356	0.000	272.356	0.000
235.768	8.342	0.0000	7.841	272.614	0.000	272.614	0.000
236.766	8.350	0.0000	7.874	272.859	0.000	272.859	0.000
237.766	8.357	0.0000	7.907	273.118	0.000	273.118	0.000
238.765	8.365	0.0000	7.941	273.373	0.000	273.373	0.000
239.762	8.373	0.0000	7.974	273.618	0.000	273.618	0.000
240.763	8.380	0.0000	8.007	273.853	0.000	273.853	0.000
241.761	8.387	0.0000	8.041	274.088	0.000	274.088	0.000
242.76	8.395	0.0000	8.074	274.337	0.000	274.337	0.000
243.759	8.403	0.0000	8.107	274.595	0.000	274.595	0.000
244.758	8.409	0.0000	8.141	274.788	0.000	274.788	0.000
245.758	8.417	0.0000	8.174	275.059	0.000	275.059	0.000
246.756	8.423	0.0000	8.207	275.271	0.000	275.271	0.000
247.756	8.431	0.0000	8.240	275.520	0.000	275.520	0.000
248.755	8.438	0.0000	8.274	275.735	0.000	275.735	0.000
249.754	8.445	0.0000	8.307	275.967	0.000	275.967	0.000
250.753	8.451	0.0000	8.340	276.190	0.000	276.190	0.000
251.752	8.458	0.0000	8.374	276.392	0.000	276.392	0.000
252.751	8.465	0.0000	8.407	276.621	0.000	276.621	0.000
253.75	8.471	0.0000	8.440	276.833	0.000	276.833	0.000
254.749	8.476	0.0000	8.474	276.984	0.000	276.984	0.000
255.747	8.483	0.0000	8.507	277.206	0.000	277.206	0.000
256.747	8.491	0.0000	8.540	277.480	0.000	277.480	0.000
257.746	8.498	0.0000	8.573	277.699	0.000	277.699	0.000
258.745	8.504	0.0000	8.607	277.912	0.000	277.912	0.000
259.745	8.512	0.0000	8.640	278.157	0.000	278.157	0.000
260.743	8.519	0.0000	8.673	278.386	0.000	278.386	0.000
261.742	8.525	0.0000	8.707	278.588	0.000	278.588	0.000
262.741	8.531	0.0000	8.740	278.797	0.000	278.797	0.000
263.74	8.538	0.0000	8.773	279.007	0.000	279.007	0.000
264.74	8.544	0.0000	8.807	279.199	0.000	279.199	0.000
265.738	8.551	0.0000	8.840	279.444	0.000	279.444	0.000
266.737	8.557	0.0000	8.873	279.641	0.000	279.641	0.000
267.736	8.563	0.0000	8.906	279.833	0.000	279.833	0.000
268.736	8.569	0.0000	8.940	280.023	0.000	280.023	0.000
269.733	8.575	0.0000	8.973	280.239	0.000	280.239	0.000
270.733	8.582	0.0000	9.006	280.451	0.000	280.451	0.000
271.732	8.588	0.0000	9.040	280.650	0.000	280.650	0.000
272.731	8.594	0.0000	9.073	280.859	0.000	280.859	0.000
273.729	8.601	0.0000	9.106	281.062	0.000	281.062	0.000
274.73	8.606	0.0000	9.140	281.252	0.000	281.252	0.000
275.729	8.612	0.0000	9.173	281.441	0.000	281.441	0.000
276.727	8.618	0.0000	9.206	281.641	0.000	281.641	0.000
277.727	8.625	0.0000	9.239	281.856	0.000	281.856	0.000
278.726	8.631	0.0000	9.273	282.059	0.000	282.059	0.000
279.724	8.636	0.0000	9.306	282.216	0.000	282.216	0.000
280.722	8.641	0.0000	9.339	282.395	0.000	282.395	0.000
281.722	8.647	0.0000	9.373	282.591	0.000	282.591	0.000
282.721	8.653	0.0000	9.406	282.768	0.000	282.768	0.000
283.719	8.658	0.0000	9.439	282.951	0.000	282.951	0.000
284.72	8.664	0.0000	9.473	283.134	0.000	283.134	0.000
285.716	8.670	0.0000	9.506	283.333	0.000	283.333	0.000
286.718	8.676	0.0000	9.539	283.520	0.000	283.520	0.000
287.716	8.681	0.0000	9.572	283.680	0.000	283.680	0.000
288.714	8.686	0.0000	9.606	283.843	0.000	283.843	0.000
289.713	8.691	0.0000	9.639	284.029	0.000	284.029	0.000
290.714	8.697	0.0000	9.672	284.219	0.000	284.219	0.000
291.713	8.702	0.0000	9.706	284.389	0.000	284.389	0.000
292.712	8.708	0.0000	9.739	284.578	0.000	284.578	0.000
293.708	8.713	0.0000	9.772	284.755	0.000	284.755	0.000
294.709	8.719	0.0000	9.806	284.928	0.000	284.928	0.000
295.709	8.724	0.0000	9.839	285.111	0.000	285.111	0.000
296.706	8.729	0.0000	9.872	285.268	0.000	285.268	0.000
297.704	8.735	0.0000	9.905	285.471	0.000	285.471	0.000
298.704	8.741	0.0000	9.939	285.641	0.000	285.641	0.000
299.704	8.746	0.0000	9.972	285.807	0.000	285.807	0.000
300.703	8.751	0.0000	10.005	285.967	0.000	285.967	0.000
301.702	8.756	0.0000	10.039	286.134	0.000	286.134	0.000
302.701	8.761	0.0000	10.072	286.314	0.000	286.314	0.000
303.7	8.766	0.0000	10.105	286.487	0.000	286.487	0.000
304.698	8.771	0.0000	10.139	286.627	0.000	286.627	0.000
305.698	8.776	0.0000	10.172	286.791	0.000	286.791	0.000
306.696	8.781	0.0000	10.205	286.964	0.000	286.964	0.000
307.695	8.786	0.0000	10.238	287.124	0.000	287.124	0.000
308.696	8.791	0.0000	10.272	287.297	0.000	287.297	0.000
309.694	8.796	0.0000	10.305	287.441	0.000	287.441	0.000
310.694	8.800	0.0000	10.338	287.585	0.000	287.585	0.000
311.691	8.805	0.0000	10.372	287.755	0.000	287.755	0.000
312.692	8.810	0.0000	10.405	287.908	0.000	287.908	0.000
313.691	8.815	0.0000	10.438	288.072	0.000	288.072	0.000
314.689	8.820	0.0000	10.472	288.222	0.000	288.222	0.000
315.688	8.824	0.0000	10.505	288.353	0.000	288.353	0.000
316.687	8.829	0.0000	10.538	288.529	0.000	288.529	0.000
317.686	8.834	0.0000	10.571	288.703	0.000	288.703	0.000
318.684	8.838	0.0000	10.605	288.837	0.000	288.837	0.000
319.685	8.843	0.0000	10.638	288.993	0.000	288.993	0.000
320.683	8.848	0.0000	10.671	289.160	0.000	289.160	0.000
321.682	8.853	0.0000	10.705	289.297	0.000	289.297	0.000
322.681	8.857	0.0000	10.738	289.451	0.000	289.451	0.000
323.682	8.861	0.0000	10.771	289.585	0.000	289.585	0.000
324.68	8.866	0.0000	10.805	289.745	0.000	289.745	0.000
325.678	8.871	0.0000	10.838	289.895	0.000	289.895	0.000
326.678	8.875	0.0000	10.871	290.033	0.000	290.033	0.000
327.676	8.879	0.0000	10.904	290.173	0.000	290.173	0.000
328.676	8.884	0.0000	10.938	290.317	0.000	290.317	0.000
329.674	8.888	0.0000	10.971	290.474	0.000	290.474	0.000
330.674	8.892	0.0000	11.004	290.585	0.000	290.585	0.000
331.672	8.896	0.0000	11.038	290.729	0.000	290.729	0.000
332.672	8.901	0.0000	11.071	290.886	0.000	290.886	0.000
333.67	8.905	0.0000	11.104	291.013	0.000	291.013	0.000
334.671	8.910	0.0000	11.138	291.170	0.000	291.170	0.000
335.668	8.914	0.0000	11.171	291.301	0.000	291.301	0.000
336.668	8.918	0.0000	11.204	291.441	0.000	291.441	0.000
337.668	8.922	0.0000	11.237	291.582	0.000	291.582	0.000
338.666	8.927	0.0000	11.271	291.729	0.000	291.729	0.000
339.665	8.930	0.0000	11.304	291.830	0.000	291.830	0.000
340.664	8.935	0.0000	11.337	291.993	0.000	291.993	0.000
341.663	8.940	0.0000	11.371	292.141	0.000	292.141	0.000
342.661	8.943	0.0000	11.404	292.258	0.000	292.258	0.000
343.661	8.946	0.0000	11.437	292.356	0.000	292.356	0.000
344.659	8.950	0.0000	11.471	292.487	0.000	292.487	0.000
345.658	8.955	0.0000	11.504	292.647	0.000	292.647	0.000
346.659	8.959	0.0000	11.537	292.771	0.000	292.771	0.000
347.656	8.963	0.0000	11.570	292.899	0.000	292.899	0.000
348.656	8.966	0.0000	11.604	293.003	0.000	293.003	0.000
349.655	8.970	0.0000	11.637	293.137	0.000	293.137	0.000
350.655	8.975	0.0000	11.670	293.291	0.000	293.291	0.000
351.652	8.978	0.0000	11.704	293.405	0.000	293.405	0.000
352.652	8.983	0.0000	11.737	293.559	0.000	293.559	0.000
353.652	8.986	0.0000	11.770	293.657	0.000	293.657	0.000
354.65	8.990	0.0000	11.804	293.797	0.000	293.797	0.000
355.648	8.995	0.0000	11.837	293.954	0.000	293.954	0.000
356.649	8.998	0.0000	11.870	294.049	0.000	294.049	0.000
357.646	9.002	0.0000	11.903	294.176	0.000	294.176	0.000
358.647	9.006	0.0000	11.937	294.301	0.000	294.301	0.000
359.646	9.010	0.0000	11.970	294.444	0.000	294.444	0.000
360.644	9.013	0.0000	12.003	294.539	0.000	294.539	0.000
361.643	9.016	0.0000	12.037	294.634	0.000	294.634	0.000
362.641	9.020	0.0000	12.070	294.771	0.000	294.771	0.000
363.642	9.024	0.0000	12.103	294.915	0.000	294.915	0.000
364.64	9.028	0.0000	12.137	295.023	0.000	295.023	0.000
365.639	9.030	0.0000	12.170	295.114	0.000	295.114	0.000
366.639	9.035	0.0000	12.203	295.261	0.000	295.261	0.000
367.636	9.039	0.0000	12.236	295.382	0.000	295.382	0.000
368.635	9.042	0.0000	12.270	295.480	0.000	295.480	0.000
369.634	9.045	0.0000	12.303	295.588	0.000	295.588	0.000
370.634	9.049	0.0000	12.336	295.709	0.000	295.709	0.000
371.633	9.051	0.0000	12.370	295.771	0.000	295.771	0.000
372.632	9.055	0.0000	12.403	295.915	0.000	295.915	0.000
373.631	9.059	0.0000	12.436	296.056	0.000	296.056	0.000
374.63	9.061	0.0000	12.470	296.101	0.000	296.101	0.000
375.629	9.065	0.0000	12.503	296.242	0.000	296.242	0.000
376.627	9.069	0.0000	12.536	296.386	0.000	296.386	0.000
377.627	9.072	0.0000	12.569	296.464	0.000	296.464	0.000
378.627	9.075	0.0000	12.603	296.569	0.000	296.569	0.000
379.624	9.079	0.0000	12.636	296.690	0.000	296.690	0.000
380.623	9.082	0.0000	12.669	296.807	0.000	296.807	0.000
381.622	9.085	0.0000	12.703	296.895	0.000	296.895	0.000
382.622	9.089	0.0000	12.736	297.016	0.000	297.016	0.000
383.622	9.091	0.0000	12.769	297.085	0.000	297.085	0.000
384.62	9.095	0.0000	12.803	297.222	0.000	297.222	0.000
385.618	9.099	0.0000	12.836	297.350	0.000	297.350	0.000
386.619	9.100	0.0000	12.869	297.386	0.000	297.386	0.000
387.616	9.105	0.0000	12.902	297.542	0.000	297.542	0.000
388.616	9.108	0.0000	12.936	297.634	0.000	297.634	0.000
389.616	9.110	0.0000	12.969	297.712	0.000	297.712	0.000
390.614	9.114	0.0000	13.002	297.846	0.000	297.846	0.000
391.614	9.116	0.0000	13.036	297.895	0.000	297.895	0.000
392.611	9.120	0.0000	13.069	298.039	0.000	298.039	0.000
393.611	9.122	0.0000	13.102	298.114	0.000	298.114	0.000
394.611	9.125	0.0000	13.136	298.203	0.000	298.203	0.000
395.61	9.129	0.0000	13.169	298.337	0.000	298.337	0.000
396.609	9.131	0.0000	13.202	298.399	0.000	298.399	0.000
397.607	9.135	0.0000	13.235	298.529	0.000	298.529	0.000
398.607	9.139	0.0000	13.269	298.667	0.000	298.667	0.000
399.606	9.140	0.0000	13.302	298.693	0.000	298.693	0.000
400.604	9.144	0.0000	13.335	298.827	0.000	298.827	0.000
401.603	9.146	0.0000	13.369	298.886	0.000	298.886	0.000
402.603	9.150	0.0000	13.402	299.020	0.000	299.020	0.000
403.602	9.150	0.0000	13.435	299.020	0.000	299.020	0.000
404.6	9.154	0.0000	13.469	299.157	0.000	299.157	0.000
405.599	9.157	0.0000	13.502	299.232	0.000	299.232	0.000
406.598	9.160	0.0000	13.535	299.346	0.000	299.346	0.000
407.598	9.162	0.0000	13.568	299.402	0.000	299.402	0.000
408.595	9.165	0.0000	13.602	299.510	0.000	299.510	0.000
409.595	9.169	0.0000	13.635	299.634	0.000	299.634	0.000
410.596	9.170	0.0000	13.668	299.673	0.000	299.673	0.000
411.592	9.174	0.0000	13.702	299.804	0.000	299.804	0.000
412.592	9.175	0.0000	13.735	299.837	0.000	299.837	0.000
413.591	9.178	0.0000	13.768	299.944	0.000	299.944	0.000
414.592	9.181	0.0000	13.802	300.026	0.000	300.026	0.000
415.589	9.185	0.0000	13.835	300.163	0.000	300.163	0.000
416.589	9.186	0.0000	13.868	300.199	0.000	300.199	0.000
417.589	9.190	0.0000	13.901	300.327	0.000	300.327	0.000
418.587	9.192	0.0000	13.935	300.392	0.000	300.392	0.000
419.586	9.195	0.0000	13.968	300.490	0.000	300.490	0.000
420.585	9.197	0.0000	14.001	300.549	0.000	300.549	0.000
421.584	9.200	0.0000	14.035	300.654	0.000	300.654	0.000
422.581	9.202	0.0000	14.068	300.706	0.000	300.706	0.000
423.579	9.205	0.0000	14.101	300.817	0.000	300.817	0.000
424.581	9.207	0.0000	14.135	300.889	0.000	300.889	0.000
425.579	9.210	0.0000	14.168	300.980	0.000	300.980	0.000
426.579	9.211	0.0000	14.201	301.003	0.000	301.003	0.000
427.577	9.215	0.0000	14.234	301.144	0.000	301.144	0.000
428.578	9.216	0.0000	14.268	301.183	0.000	301.183	0.000
429.576	9.220	0.0000	14.301	301.307	0.000	301.307	0.000
430.575	9.220	0.0000	14.334	301.307	0.000	301.307	0.000
431.574	9.223	0.0000	14.368	301.418	0.000	301.418	0.000
432.574	9.225	0.0000	14.401	301.471	0.000	301.471	0.000
433.572	9.230	0.0000	14.434	301.631	0.000	301.631	0.000
434.571	9.230	0.0000	14.468	301.634	0.000	301.634	0.000
435.57	9.233	0.0000	14.501	301.735	0.000	301.735	0.000
436.57	9.235	0.0000	14.534	301.797	0.000	301.797	0.000
437.567	9.238	0.0000	14.567	301.899	0.000	301.899	0.000
438.566	9.240	0.0000	14.601	301.961	0.000	301.961	0.000
439.565	9.240	0.0000	14.634	301.967	0.000	301.967	0.000
440.566	9.245	0.0000	14.667	302.124	0.000	302.124	0.000
441.563	9.245	0.0000	14.701	302.124	0.000	302.124	0.000
442.561	9.249	0.0000	14.734	302.248	0.000	302.248	0.000
443.561	9.250	0.0000	14.767	302.288	0.000	302.288	0.000
444.562	9.254	0.0000	14.801	302.402	0.000	302.402	0.000
445.559	9.255	0.0000	14.834	302.451	0.000	302.451	0.000
446.559	9.255	0.0000	14.867	302.451	0.000	302.451	0.000
447.557	9.260	0.0000	14.900	302.614	0.000	302.614	0.000
448.556	9.260	0.0000	14.934	302.614	0.000	302.614	0.000
449.556	9.264	0.0000	14.967	302.739	0.000	302.739	0.000
450.556	9.265	0.0000	15.000	302.778	0.000	302.778	0.000
451.555	9.265	0.0000	15.034	302.794	0.000	302.794	0.000
452.554	9.270	0.0000	15.067	302.941	0.000	302.941	0.000
453.553	9.270	0.0000	15.100	302.941	0.000	302.941	0.000
454.551	9.273	0.0000	15.134	303.052	0.000	303.052	0.000
455.55	9.275	0.0000	15.167	303.105	0.000	303.105	0.000
456.548	9.277	0.0000	15.200	303.186	0.000	303.186	0.000
457.549	9.280	0.0000	15.233	303.268	0.000	303.268	0.000
458.546	9.280	0.0000	15.267	303.268	0.000	303.268	0.000
459.544	9.285	0.0000	15.300	303.425	0.000	303.425	0.000
460.544	9.285	0.0000	15.333	303.431	0.000	303.431	0.000
461.543	9.286	0.0000	15.367	303.454	0.000	303.454	0.000
462.541	9.290	0.0000	15.400	303.595	0.000	303.595	0.000
463.542	9.290	0.0000	15.433	303.595	0.000	303.595	0.000
464.54	9.290	0.0000	15.467	303.608	0.000	303.608	0.000
465.541	9.295	0.0000	15.500	303.758	0.000	303.758	0.000
466.539	9.295	0.0000	15.533	303.758	0.000	303.758	0.000
467.538	9.298	0.0000	15.566	303.853	0.000	303.853	0.000
468.538	9.300	0.0000	15.600	303.922	0.000	303.922	0.000
469.536	9.300	0.0000	15.633	303.922	0.000	303.922	0.000
470.536	9.302	0.0000	15.666	303.977	0.000	303.977	0.000
471.534	9.305	0.0000	15.700	304.085	0.000	304.085	0.000
472.534	9.305	0.0000	15.733	304.085	0.000	304.085	0.000
473.532	9.307	0.0000	15.766	304.163	0.000	304.163	0.000
474.531	9.310	0.0000	15.800	304.248	0.000	304.248	0.000
475.53	9.310	0.0000	15.833	304.248	0.000	304.248	0.000
476.529	9.314	0.0000	15.866	304.382	0.000	304.382	0.000
477.528	9.315	0.0000	15.899	304.412	0.000	304.412	0.000
478.527	9.315	0.0000	15.933	304.412	0.000	304.412	0.000
479.527	9.318	0.0000	15.966	304.523	0.000	304.523	0.000
480.525	9.320	0.0000	15.999	304.575	0.000	304.575	0.000
481.524	9.320	0.0000	16.033	304.575	0.000	304.575	0.000
482.523	9.324	0.0000	16.066	304.709	0.000	304.709	0.000
483.522	9.325	0.0000	16.099	304.739	0.000	304.739	0.000
484.521	9.325	0.0000	16.133	304.739	0.000	304.739	0.000
485.52	9.330	0.0000	16.166	304.886	0.000	304.886	0.000
486.519	9.330	0.0000	16.199	304.902	0.000	304.902	0.000
487.52	9.330	0.0000	16.232	304.902	0.000	304.902	0.000
488.518	9.332	0.0000	16.266	304.980	0.000	304.980	0.000
489.516	9.335	0.0000	16.299	305.065	0.000	305.065	0.000
490.515	9.335	0.0000	16.332	305.065	0.000	305.065	0.000
491.515	9.335	0.0000	16.366	305.065	0.000	305.065	0.000
492.514	9.339	0.0000	16.399	305.203	0.000	305.203	0.000
493.512	9.340	0.0000	16.432	305.229	0.000	305.229	0.000
494.511	9.340	0.0000	16.466	305.229	0.000	305.229	0.000
495.511	9.340	0.0000	16.499	305.229	0.000	305.229	0.000
496.51	9.345	0.0000	16.532	305.392	0.000	305.392	0.000
497.509	9.345	0.0000	16.565	305.392	0.000	305.392	0.000
498.509	9.345	0.0000	16.599	305.392	0.000	305.392	0.000
499.507	9.347	0.0000	16.632	305.461	0.000	305.461	0.000
500.505	9.350	0.0000	16.665	305.556	0.000	305.556	0.000
501.505	9.350	0.0000	16.699	305.556	0.000	305.556	0.000
502.504	9.354	0.0000	16.732	305.680	0.000	305.680	0.000
503.502	9.355	0.0000	16.765	305.719	0.000	305.719	0.000
504.502	9.355	0.0000	16.799	305.719	0.000	305.719	0.000
505.5	9.355	0.0000	16.832	305.719	0.000	305.719	0.000
506.5	9.360	0.0000	16.865	305.879	0.000	305.879	0.000
507.5	9.360	0.0000	16.898	305.882	0.000	305.882	0.000
508.498	9.360	0.0000	16.932	305.882	0.000	305.882	0.000
509.496	9.362	0.0000	16.965	305.948	0.000	305.948	0.000
510.495	9.365	0.0000	16.998	306.046	0.000	306.046	0.000
511.494	9.365	0.0000	17.032	306.046	0.000	306.046	0.000
512.493	9.365	0.0000	17.065	306.046	0.000	306.046	0.000
513.491	9.367	0.0000	17.098	306.118	0.000	306.118	0.000
514.492	9.370	0.0000	17.132	306.209	0.000	306.209	0.000
515.491	9.370	0.0000	17.165	306.209	0.000	306.209	0.000
516.49	9.370	0.0000	17.198	306.209	0.000	306.209	0.000
517.487	9.371	0.0000	17.232	306.229	0.000	306.229	0.000
518.486	9.375	0.0000	17.265	306.373	0.000	306.373	0.000
519.487	9.375	0.0000	17.298	306.373	0.000	306.373	0.000
520.486	9.375	0.0000	17.331	306.373	0.000	306.373	0.000
521.486	9.375	0.0000	17.365	306.373	0.000	306.373	0.000
522.484	9.378	0.0000	17.398	306.467	0.000	306.467	0.000
523.483	9.380	0.0000	17.431	306.536	0.000	306.536	0.000
524.481	9.380	0.0000	17.465	306.536	0.000	306.536	0.000
525.481	9.380	0.0000	17.498	306.536	0.000	306.536	0.000
526.481	9.383	0.0000	17.531	306.618	0.000	306.618	0.000
527.479	9.385	0.0000	17.565	306.699	0.000	306.699	0.000
528.478	9.385	0.0000	17.598	306.699	0.000	306.699	0.000
529.478	9.385	0.0000	17.631	306.699	0.000	306.699	0.000
530.477	9.385	0.0000	17.664	306.699	0.000	306.699	0.000
531.476	9.388	0.0000	17.698	306.810	0.000	306.810	0.000
532.474	9.390	0.0000	17.731	306.863	0.000	306.863	0.000
533.474	9.390	0.0000	17.764	306.863	0.000	306.863	0.000
534.472	9.390	0.0000	17.798	306.863	0.000	306.863	0.000
535.472	9.391	0.0000	17.831	306.905	0.000	306.905	0.000
536.47	9.395	0.0000	17.864	307.026	0.000	307.026	0.000
537.469	9.395	0.0000	17.898	307.026	0.000	307.026	0.000
538.469	9.395	0.0000	17.931	307.026	0.000	307.026	0.000
539.467	9.395	0.0000	17.964	307.026	0.000	307.026	0.000
540.466	9.395	0.0000	17.997	307.026	0.000	307.026	0.000
541.465	9.397	0.0000	18.031	307.078	0.000	307.078	0.000
542.465	9.400	0.0000	18.064	307.190	0.000	307.190	0.000
543.463	9.400	0.0000	18.097	307.190	0.000	307.190	0.000
544.463	9.400	0.0000	18.131	307.190	0.000	307.190	0.000
545.462	9.400	0.0000	18.164	307.190	0.000	307.190	0.000
546.461	9.402	0.0000	18.197	307.252	0.000	307.252	0.000
547.459	9.405	0.0000	18.231	307.353	0.000	307.353	0.000
548.459	9.405	0.0000	18.264	307.353	0.000	307.353	0.000
549.457	9.405	0.0000	18.297	307.353	0.000	307.353	0.000
550.456	9.405	0.0000	18.330	307.353	0.000	307.353	0.000
551.456	9.405	0.0000	18.364	307.353	0.000	307.353	0.000
552.455	9.407	0.0000	18.397	307.405	0.000	307.405	0.000
553.454	9.410	0.0000	18.430	307.516	0.000	307.516	0.000
554.453	9.410	0.0000	18.464	307.516	0.000	307.516	0.000
555.452	9.410	0.0000	18.497	307.516	0.000	307.516	0.000
556.451	9.410	0.0000	18.530	307.516	0.000	307.516	0.000
557.45	9.410	0.0000	18.564	307.516	0.000	307.516	0.000
558.449	9.410	0.0000	18.597	307.516	0.000	307.516	0.000
559.447	9.410	0.0000	18.630	307.516	0.000	307.516	0.000
560.445	9.412	0.0000	18.663	307.565	0.000	307.565	0.000
561.445	9.415	0.0000	18.697	307.680	0.000	307.680	0.000
562.442	9.415	0.0000	18.730	307.680	0.000	307.680	0.000
563.442	9.415	0.0000	18.763	307.680	0.000	307.680	0.000
564.442	9.415	0.0000	18.797	307.680	0.000	307.680	0.000
565.442	9.415	0.0000	18.830	307.680	0.000	307.680	0.000
566.442	9.415	0.0000	18.863	307.680	0.000	307.680	0.000
567.439	9.415	0.0000	18.897	307.680	0.000	307.680	0.000
568.438	9.417	0.0000	18.930	307.758	0.000	307.758	0.000
569.437	9.420	0.0000	18.963	307.843	0.000	307.843	0.000
570.436	9.420	0.0000	18.996	307.843	0.000	307.843	0.000
571.436	9.420	0.0000	19.030	307.843	0.000	307.843	0.000
572.435	9.420	0.0000	19.063	307.843	0.000	307.843	0.000
573.433	9.420	0.0000	19.096	307.843	0.000	307.843	0.000
574.433	9.420	0.0000	19.130	307.843	0.000	307.843	0.000
575.432	9.420	0.0000	19.163	307.843	0.000	307.843	0.000
576.431	9.420	0.0000	19.196	307.843	0.000	307.843	0.000
577.43	9.422	0.0000	19.230	307.912	0.000	307.912	0.000
578.43	9.425	0.0000	19.263	308.007	0.000	308.007	0.000
579.428	9.425	0.0000	19.296	308.007	0.000	308.007	0.000
580.426	9.425	0.0000	19.329	308.007	0.000	308.007	0.000
581.426	9.425	0.0000	19.363	308.007	0.000	308.007	0.000
582.423	9.425	0.0000	19.396	308.007	0.000	308.007	0.000
583.424	9.425	0.0000	19.429	308.007	0.000	308.007	0.000
584.421	9.425	0.0000	19.463	308.007	0.000	308.007	0.000
585.422	9.425	0.0000	19.496	308.007	0.000	308.007	0.000
586.42	9.425	0.0000	19.529	308.007	0.000	308.007	0.000
587.418	9.425	0.0000	19.563	308.007	0.000	308.007	0.000
588.417	9.425	0.0000	19.596	308.007	0.000	308.007	0.000
589.418	9.425	0.0000	19.629	308.007	0.000	308.007	0.000
590.416	9.425	0.0000	19.662	308.007	0.000	308.007	0.000
591.415	9.426	0.0000	19.696	308.029	0.000	308.029	0.000
592.415	9.430	0.0000	19.729	308.170	0.000	308.170	0.000
593.415	9.430	0.0000	19.762	308.170	0.000	308.170	0.000
594.414	9.430	0.0000	19.796	308.170	0.000	308.170	0.000
595.412	9.430	0.0000	19.829	308.170	0.000	308.170	0.000
596.412	9.430	0.0000	19.862	308.170	0.000	308.170	0.000
597.41	9.430	0.0000	19.896	308.170	0.000	308.170	0.000
598.409	9.430	0.0000	19.929	308.170	0.000	308.170	0.000
599.406	9.430	0.0000	19.962	308.170	0.000	308.170	0.000
600.407	9.430	0.0000	19.995	308.170	0.000	308.170	0.000
601.406	9.430	0.0000	20.029	308.170	0.000	308.170	0.000
602.405	9.430	0.0000	20.062	308.176	0.000	308.176	0.000
603.404	9.431	0.0000	20.095	308.216	0.000	308.216	0.000
604.404	9.433	0.0000	20.129	308.255	0.000	308.255	0.000
605.403	9.434	0.0000	20.162	308.288	0.000	308.288	0.000
606.401	9.435	0.0000	20.195	308.333	0.000	308.333	0.000
607.4	9.435	0.0000	20.229	308.333	0.000	308.333	0.000
608.399	9.435	0.0000	20.262	308.333	0.000	308.333	0.000
609.398	9.435	0.0000	20.295	308.333	0.000	308.333	0.000
610.398	9.435	0.0000	20.328	308.333	0.000	308.333	0.000
611.397	9.435	0.0000	20.362	308.333	0.000	308.333	0.000
612.395	9.435	0.0000	20.395	308.333	0.000	308.333	0.000
613.395	9.435	0.0000	20.428	308.333	0.000	308.333	0.000
614.393	9.435	0.0000	20.462	308.333	0.000	308.333	0.000
615.392	9.435	0.0000	20.495	308.333	0.000	308.333	0.000
616.391	9.435	0.0000	20.528	308.333	0.000	308.333	0.000
617.391	9.435	0.0000	20.562	308.333	0.000	308.333	0.000
618.387	9.435	0.0000	20.595	308.333	0.000	308.333	0.000
619.388	9.435	0.0000	20.628	308.333	0.000	308.333	0.000
620.387	9.435	0.0000	20.661	308.333	0.000	308.333	0.000
621.386	9.435	0.0000	20.695	308.333	0.000	308.333	0.000
622.386	9.435	0.0000	20.728	308.333	0.000	308.333	0.000
623.384	9.435	0.0000	20.761	308.333	0.000	308.333	0.000
624.384	9.435	0.0000	20.795	308.333	0.000	308.333	0.000
625.383	9.435	0.0000	20.828	308.333	0.000	308.333	0.000
626.381	9.435	0.0000	20.861	308.333	0.000	308.333	0.000
627.38	9.432	0.0000	20.895	308.242	0.000	308.242	0.000
628.378	9.432	0.0000	20.928	308.242	0.000	308.242	0.000
629.378	9.435	0.0000	20.961	308.333	0.000	308.333	0.000
630.378	9.433	0.0000	20.994	308.278	0.000	308.278	0.000
631.377	9.430	0.0000	21.028	308.170	0.000	308.170	0.000
632.376	9.430	0.0000	21.061	308.170	0.000	308.170	0.000
633.375	9.430	0.0000	21.094	308.170	0.000	308.170	0.000
634.374	9.432	0.0000	21.128	308.232	0.000	308.232	0.000
635.373	9.430	0.0000	21.161	308.170	0.000	308.170	0.000
636.371	9.430	0.0000	21.194	308.170	0.000	308.170	0.000
637.371	9.430	0.0000	21.228	308.170	0.000	308.170	0.000
638.369	9.430	0.0000	21.261	308.170	0.000	308.170	0.000
639.369	9.430	0.0000	21.294	308.170	0.000	308.170	0.000
640.366	9.430	0.0000	21.327	308.170	0.000	308.170	0.000
641.364	9.430	0.0000	21.361	308.170	0.000	308.170	0.000
642.366	9.430	0.0000	21.394	308.170	0.000	308.170	0.000
643.365	9.430	0.0000	21.427	308.170	0.000	308.170	0.000
644.364	9.430	0.0000	21.461	308.170	0.000	308.170	0.000
645.363	9.425	0.0000	21.494	308.013	0.000	308.013	0.000
646.362	9.425	0.0000	21.527	308.007	0.000	308.007	0.000
647.361	9.425	0.0000	21.561	308.007	0.000	308.007	0.000
648.359	9.425	0.0000	21.594	308.007	0.000	308.007	0.000
649.359	9.425	0.0000	21.627	308.007	0.000	308.007	0.000
650.356	9.425	0.0000	21.660	308.007	0.000	308.007	0.000
651.357	9.425	0.0000	21.694	308.007	0.000	308.007	0.000
652.356	9.425	0.0000	21.727	308.007	0.000	308.007	0.000
653.355	9.425	0.0000	21.760	308.007	0.000	308.007	0.000
654.354	9.425	0.0000	21.794	308.007	0.000	308.007	0.000
655.353	9.425	0.0000	21.827	308.007	0.000	308.007	0.000
656.352	9.422	0.0000	21.860	307.899	0.000	307.899	0.000
657.351	9.420	0.0000	21.894	307.843	0.000	307.843	0.000
658.35	9.420	0.0000	21.927	307.843	0.000	307.843	0.000
659.349	9.420	0.0000	21.960	307.843	0.000	307.843	0.000
660.348	9.420	0.0000	21.993	307.843	0.000	307.843	0.000
661.347	9.420	0.0000	22.027	307.843	0.000	307.843	0.000
662.347	9.417	0.0000	22.060	307.735	0.000	307.735	0.000
663.345	9.415	0.0000	22.093	307.680	0.000	307.680	0.000
664.345	9.415	0.0000	22.127	307.680	0.000	307.680	0.000
665.343	9.415	0.0000	22.160	307.680	0.000	307.680	0.000
666.341	9.415	0.0000	22.193	307.680	0.000	307.680	0.000
667.338	9.415	0.0000	22.227	307.680	0.000	307.680	0.000
668.339	9.412	0.0000	22.260	307.585	0.000	307.585	0.000
669.337	9.410	0.0000	22.293	307.516	0.000	307.516	0.000
670.338	9.410	0.0000	22.326	307.516	0.000	307.516	0.000
671.338	9.410	0.0000	22.360	307.503	0.000	307.503	0.000
672.336	9.405	0.0000	22.393	307.353	0.000	307.353	0.000
673.335	9.405	0.0000	22.426	307.353	0.000	307.353	0.000
674.335	9.405	0.0000	22.460	307.353	0.000	307.353	0.000
675.334	9.405	0.0000	22.493	307.353	0.000	307.353	0.000
676.333	9.401	0.0000	22.526	307.216	0.000	307.216	0.000
677.331	9.400	0.0000	22.560	307.190	0.000	307.190	0.000
678.33	9.400	0.0000	22.593	307.190	0.000	307.190	0.000
679.33	9.400	0.0000	22.626	307.190	0.000	307.190	0.000
680.327	9.399	0.0000	22.659	307.147	0.000	307.147	0.000
681.327	9.395	0.0000	22.693	307.026	0.000	307.026	0.000
682.327	9.395	0.0000	22.726	307.026	0.000	307.026	0.000
683.325	9.391	0.0000	22.759	306.912	0.000	306.912	0.000
684.324	9.390	0.0000	22.793	306.863	0.000	306.863	0.000
685.323	9.390	0.0000	22.826	306.863	0.000	306.863	0.000
686.322	9.388	0.0000	22.859	306.807	0.000	306.807	0.000
687.321	9.385	0.0000	22.893	306.699	0.000	306.699	0.000
688.321	9.385	0.0000	22.926	306.699	0.000	306.699	0.000
689.32	9.381	0.0000	22.959	306.556	0.000	306.556	0.000
690.318	9.380	0.0000	22.992	306.536	0.000	306.536	0.000
691.317	9.379	0.0000	23.026	306.500	0.000	306.500	0.000
692.315	9.375	0.0000	23.059	306.373	0.000	306.373	0.000
693.316	9.375	0.0000	23.092	306.373	0.000	306.373	0.000
694.314	9.371	0.0000	23.126	306.235	0.000	306.235	0.000
695.314	9.370	0.0000	23.159	306.209	0.000	306.209	0.000
696.313	9.367	0.0000	23.192	306.111	0.000	306.111	0.000
697.312	9.365	0.0000	23.226	306.046	0.000	306.046	0.000
698.311	9.365	0.0000	23.259	306.046	0.000	306.046	0.000
699.307	9.362	0.0000	23.292	305.931	0.000	305.931	0.000
700.308	9.359	0.0000	23.325	305.863	0.000	305.863	0.000
701.305	9.355	0.0000	23.359	305.719	0.000	305.719	0.000
702.306	9.354	0.0000	23.392	305.693	0.000	305.693	0.000
703.306	9.350	0.0000	23.425	305.556	0.000	305.556	0.000
704.305	9.347	0.0000	23.459	305.461	0.000	305.461	0.000
705.304	9.345	0.0000	23.492	305.392	0.000	305.392	0.000
706.302	9.340	0.0000	23.525	305.232	0.000	305.232	0.000
707.3	9.339	0.0000	23.559	305.199	0.000	305.199	0.000
708.301	9.335	0.0000	23.592	305.065	0.000	305.065	0.000
709.299	9.331	0.0000	23.625	304.941	0.000	304.941	0.000
710.299	9.330	0.0000	23.658	304.892	0.000	304.892	0.000
711.297	9.325	0.0000	23.692	304.739	0.000	304.739	0.000
712.296	9.321	0.0000	23.725	304.601	0.000	304.601	0.000
713.295	9.318	0.0000	23.758	304.516	0.000	304.516	0.000
714.295	9.315	0.0000	23.792	304.412	0.000	304.412	0.000
715.294	9.310	0.0000	23.825	304.255	0.000	304.255	0.000
716.293	9.307	0.0000	23.858	304.137	0.000	304.137	0.000
717.292	9.303	0.0000	23.892	304.007	0.000	304.007	0.000
718.291	9.299	0.0000	23.925	303.876	0.000	303.876	0.000
719.289	9.295	0.0000	23.958	303.745	0.000	303.745	0.000
720.288	9.290	0.0000	23.991	303.588	0.000	303.588	0.000
721.288	9.285	0.0000	24.025	303.431	0.000	303.431	0.000
722.287	9.280	0.0000	24.058	303.278	0.000	303.278	0.000
723.284	9.275	0.0000	24.091	303.111	0.000	303.111	0.000
724.283	9.271	0.0000	24.125	302.971	0.000	302.971	0.000
725.284	9.266	0.0000	24.158	302.810	0.000	302.810	0.000
726.281	9.261	0.0000	24.191	302.634	0.000	302.634	0.000
727.28	9.255	0.0000	24.225	302.441	0.000	302.441	0.000
728.279	9.249	0.0000	24.258	302.245	0.000	302.245	0.000
729.279	9.243	0.0000	24.291	302.059	0.000	302.059	0.000
730.278	9.237	0.0000	24.324	301.856	0.000	301.856	0.000
731.277	9.231	0.0000	24.358	301.657	0.000	301.657	0.000
732.276	9.224	0.0000	24.391	301.431	0.000	301.431	0.000
733.275	9.218	0.0000	24.424	301.242	0.000	301.242	0.000
734.274	9.212	0.0000	24.458	301.042	0.000	301.042	0.000
735.273	9.204	0.0000	24.491	300.794	0.000	300.794	0.000
736.273	9.198	0.0000	24.524	300.575	0.000	300.575	0.000
737.271	9.191	0.0000	24.558	300.350	0.000	300.350	0.000
738.271	9.183	0.0000	24.591	300.111	0.000	300.111	0.000
739.271	9.176	0.0000	24.624	299.873	0.000	299.873	0.000
740.269	9.168	0.0000	24.657	299.618	0.000	299.618	0.000
741.268	9.161	0.0000	24.691	299.389	0.000	299.389	0.000
742.267	9.153	0.0000	24.724	299.111	0.000	299.111	0.000
743.265	9.145	0.0000	24.757	298.859	0.000	298.859	0.000
744.263	9.137	0.0000	24.791	298.585	0.000	298.585	0.000
745.264	9.128	0.0000	24.824	298.291	0.000	298.291	0.000
746.264	9.119	0.0000	24.857	298.003	0.000	298.003	0.000
747.261	9.110	0.0000	24.891	297.696	0.000	297.696	0.000
748.261	9.100	0.0000	24.924	297.376	0.000	297.376	0.000
749.261	9.091	0.0000	24.957	297.098	0.000	297.098	0.000
750.259	9.082	0.0000	24.990	296.784	0.000	296.784	0.000
751.259	9.071	0.0000	25.024	296.448	0.000	296.448	0.000
752.258	9.061	0.0000	25.057	296.105	0.000	296.105	0.000
753.255	9.050	0.0000	25.090	295.752	0.000	295.752	0.000
754.255	9.039	0.0000	25.124	295.399	0.000	295.399	0.000
755.254	9.028	0.0000	25.157	295.033	0.000	295.033	0.000
756.253	9.016	0.0000	25.190	294.634	0.000	294.634	0.000
757.253	9.004	0.0000	25.224	294.258	0.000	294.258	0.000
758.251	8.992	0.0000	25.257	293.863	0.000	293.863	0.000
759.25	8.980	0.0000	25.290	293.454	0.000	293.454	0.000
760.249	8.965	0.0000	25.324	292.987	0.000	292.987	0.000
761.248	8.952	0.0000	25.357	292.536	0.000	292.536	0.000
762.248	8.937	0.0000	25.390	292.072	0.000	292.072	0.000
763.246	8.923	0.0000	25.423	291.588	0.000	291.588	0.000
764.245	8.907	0.0000	25.457	291.082	0.000	291.082	0.000
765.242	8.891	0.0000	25.490	290.572	0.000	290.572	0.000
766.241	8.876	0.0000	25.523	290.065	0.000	290.065	0.000
767.242	8.859	0.0000	25.557	289.523	0.000	289.523	0.000
768.241	8.842	0.0000	25.590	288.944	0.000	288.944	0.000
769.239	8.823	0.0000	25.623	288.324	0.000	288.324	0.000
770.239	8.803	0.0000	25.657	287.686	0.000	287.686	0.000
771.238	8.782	0.0000	25.690	286.990	0.000	286.990	0.000
772.237	8.760	0.0000	25.723	286.278	0.000	286.278	0.000
773.236	8.737	0.0000	25.756	285.529	0.000	285.529	0.000
774.236	8.712	0.0000	25.790	284.719	0.000	284.719	0.000
775.234	8.685	0.0000	25.823	283.830	0.000	283.830	0.000
776.233	8.656	0.0000	25.856	282.863	0.000	282.863	0.000
777.232	8.624	0.0000	25.890	281.814	0.000	281.814	0.000
778.231	8.588	0.0000	25.923	280.637	0.000	280.637	0.000
779.23	8.547	0.0000	25.956	279.307	0.000	279.307	0.000
780.229	8.502	0.0000	25.990	277.856	0.000	277.856	0.000
781.228	8.452	0.0000	26.023	276.212	0.000	276.212	0.000
782.226	8.397	0.0000	26.056	274.395	0.000	274.395	0.000
783.227	8.334	0.0000	26.089	272.366	0.000	272.366	0.000
784.223	8.265	0.0000	26.123	270.091	0.000	270.091	0.000
785.224	8.186	0.0000	26.156	267.529	0.000	267.529	0.000
786.223	8.100	0.0000	26.189	264.699	0.000	264.699	0.000
787.221	8.003	0.0000	26.223	261.549	0.000	261.549	0.000
788.222	7.896	0.0000	26.256	258.023	0.000	258.023	0.000
789.22	7.775	0.0000	26.289	254.078	0.000	254.078	0.000
790.22	7.640	0.0000	26.323	249.670	0.000	249.670	0.000
791.218	7.486	0.0000	26.356	244.641	0.000	244.641	0.000
792.217	7.311	0.0000	26.389	238.912	0.000	238.912	0.000
793.215	7.108	0.0000	26.422	232.275	0.000	232.275	0.000
794.214	6.867	0.0000	26.456	224.408	0.000	224.408	0.000
795.214	6.575	0.0000	26.489	214.876	0.000	214.876	0.000
796.214	3.151	0.0000	26.522	102.977	0.000	102.977	0.000
