Customer	SGCC_1.5
TestDate	4/4/2026
Coil No/Packet No	00-01
Type	Flat
Size(mm)	20*1.53
So(mm^2)	30.60
Lo(mm)	85
Lu(mm)	
A(%)	/
Su(mm^2)	/
Z(%)	/
Fm(kgf)	1326.3
Rm(MPa)	395
FeH(kgf)	/
ReH(MPa)	/
FeL(kgf)	/
ReL(MPa)	/
Fp(kgf)	1.646
Rp(MPa)	0
Ft(kgf)	/
Rt(MPa)	/
E(GPa)	/


-----------Curve----------
Time	Load	Elong	Disp	Stress	Strain	TrueStress	TrueStrain
0	0.015	0.0000	0.002	0.477	0.000	0.477	0.000
0.999	0.304	0.0000	0.018	9.928	0.000	9.928	0.000
1.997	0.706	0.0000	0.048	23.062	0.000	23.062	0.000
2.997	1.031	0.0000	0.082	33.676	0.000	33.676	0.000
3.996	1.333	0.0000	0.115	43.552	0.000	43.552	0.000
4.994	1.635	0.0000	0.148	53.428	0.000	53.428	0.000
5.993	1.942	0.0000	0.182	63.454	0.000	63.454	0.000
6.992	2.250	0.0000	0.215	73.516	0.000	73.516	0.000
7.993	2.565	0.0000	0.248	83.827	0.000	83.827	0.000
8.991	2.881	0.0000	0.281	94.141	0.000	94.141	0.000
9.99	3.197	0.0000	0.315	104.467	0.000	104.467	0.000
10.989	3.519	0.0000	0.348	114.990	0.000	114.990	0.000
11.987	3.828	0.0000	0.381	125.088	0.000	125.088	0.000
12.987	4.078	0.0000	0.415	133.265	0.000	133.265	0.000
13.986	4.328	0.0000	0.448	141.422	0.000	141.422	0.000
14.984	4.578	0.0000	0.481	149.592	0.000	149.592	0.000
15.984	4.828	0.0000	0.515	157.761	0.000	157.761	0.000
16.982	5.078	0.0000	0.548	165.941	0.000	165.941	0.000
17.983	5.328	0.0000	0.581	174.101	0.000	174.101	0.000
18.981	5.578	0.0000	0.615	182.271	0.000	182.271	0.000
19.98	5.823	0.0000	0.648	190.304	0.000	190.304	0.000
20.979	6.062	0.0000	0.681	198.108	0.000	198.108	0.000
21.979	6.295	0.0000	0.714	205.722	0.000	205.722	0.000
22.977	6.534	0.0000	0.748	213.536	0.000	213.536	0.000
23.977	6.775	0.0000	0.781	221.395	0.000	221.395	0.000
24.975	7.017	0.0000	0.814	229.297	0.000	229.297	0.000
25.974	7.263	0.0000	0.848	237.337	0.000	237.337	0.000
26.973	7.512	0.0000	0.881	245.484	0.000	245.484	0.000
27.973	7.761	0.0000	0.914	253.631	0.000	253.631	0.000
28.972	8.013	0.0000	0.948	261.853	0.000	261.853	0.000
29.971	8.270	0.0000	0.981	270.248	0.000	270.248	0.000
30.97	8.529	0.0000	1.014	278.722	0.000	278.722	0.000
31.968	8.790	0.0000	1.047	287.265	0.000	287.265	0.000
32.968	9.044	0.0000	1.081	295.559	0.000	295.559	0.000
33.966	9.293	0.0000	1.114	303.680	0.000	303.680	0.000
34.965	9.540	0.0000	1.147	311.758	0.000	311.758	0.000
35.965	9.780	0.0000	1.181	319.614	0.000	319.614	0.000
36.964	10.002	0.0000	1.214	326.876	0.000	326.876	0.000
37.962	10.199	0.0000	1.247	333.297	0.000	333.297	0.000
38.962	10.387	0.0000	1.281	339.454	0.000	339.454	0.000
39.96	10.535	0.0000	1.314	344.288	0.000	344.288	0.000
40.959	10.627	0.0000	1.347	347.281	0.000	347.281	0.000
41.959	10.672	0.0000	1.380	348.752	0.000	348.752	0.000
42.957	10.680	0.0000	1.414	349.013	0.000	349.013	0.000
43.957	10.653	0.0000	1.447	348.147	0.000	348.147	0.000
44.955	10.516	0.0000	1.480	343.667	0.000	343.667	0.000
45.955	10.428	0.0000	1.514	340.791	0.000	340.791	0.000
46.954	10.459	0.0000	1.547	341.781	0.000	341.781	0.000
47.953	10.492	0.0000	1.580	342.876	0.000	342.876	0.000
48.952	10.512	0.0000	1.614	343.533	0.000	343.533	0.000
49.951	10.523	0.0000	1.647	343.895	0.000	343.895	0.000
50.95	10.533	0.0000	1.680	344.225	0.000	344.225	0.000
51.949	10.532	0.0000	1.713	344.196	0.000	344.196	0.000
52.948	10.542	0.0000	1.747	344.520	0.000	344.520	0.000
53.947	10.494	0.0000	1.780	342.935	0.000	342.935	0.000
54.946	10.383	0.0000	1.813	339.307	0.000	339.307	0.000
55.944	10.304	0.0000	1.847	336.735	0.000	336.735	0.000
56.945	10.277	0.0000	1.880	335.850	0.000	335.850	0.000
57.943	10.262	0.0000	1.913	335.359	0.000	335.359	0.000
58.941	10.243	0.0000	1.947	334.745	0.000	334.745	0.000
59.94	10.246	0.0000	1.980	334.833	0.000	334.833	0.000
60.94	10.254	0.0000	2.013	335.082	0.000	335.082	0.000
61.939	10.268	0.0000	2.046	335.549	0.000	335.549	0.000
62.937	10.285	0.0000	2.080	336.114	0.000	336.114	0.000
63.936	10.312	0.0000	2.113	336.980	0.000	336.980	0.000
64.934	10.338	0.0000	2.146	337.837	0.000	337.837	0.000
65.934	10.346	0.0000	2.180	338.095	0.000	338.095	0.000
66.933	10.319	0.0000	2.213	337.219	0.000	337.219	0.000
67.933	10.296	0.0000	2.246	336.464	0.000	336.464	0.000
68.931	10.275	0.0000	2.280	335.771	0.000	335.771	0.000
69.931	10.244	0.0000	2.313	334.768	0.000	334.768	0.000
70.93	10.240	0.0000	2.346	334.641	0.000	334.641	0.000
71.929	10.231	0.0000	2.379	334.340	0.000	334.340	0.000
72.927	10.226	0.0000	2.413	334.173	0.000	334.173	0.000
73.927	10.252	0.0000	2.446	335.023	0.000	335.023	0.000
74.926	10.284	0.0000	2.479	336.088	0.000	336.088	0.000
75.924	10.304	0.0000	2.513	336.722	0.000	336.722	0.000
76.924	10.274	0.0000	2.546	335.745	0.000	335.745	0.000
77.922	10.248	0.0000	2.579	334.889	0.000	334.889	0.000
78.923	10.231	0.0000	2.613	334.333	0.000	334.333	0.000
79.921	10.227	0.0000	2.646	334.222	0.000	334.222	0.000
80.92	10.239	0.0000	2.679	334.608	0.000	334.608	0.000
81.92	10.270	0.0000	2.712	335.608	0.000	335.608	0.000
82.918	10.295	0.0000	2.746	336.438	0.000	336.438	0.000
83.917	10.305	0.0000	2.779	336.748	0.000	336.748	0.000
84.914	10.319	0.0000	2.812	337.235	0.000	337.235	0.000
85.915	10.329	0.0000	2.846	337.562	0.000	337.562	0.000
86.914	10.339	0.0000	2.879	337.869	0.000	337.869	0.000
87.913	10.347	0.0000	2.912	338.124	0.000	338.124	0.000
88.913	10.361	0.0000	2.946	338.598	0.000	338.598	0.000
89.911	10.373	0.0000	2.979	338.977	0.000	338.977	0.000
90.911	10.375	0.0000	3.012	339.052	0.000	339.052	0.000
91.909	10.375	0.0000	3.045	339.052	0.000	339.052	0.000
92.908	10.360	0.0000	3.079	338.562	0.000	338.562	0.000
93.907	10.345	0.0000	3.112	338.082	0.000	338.082	0.000
94.906	10.343	0.0000	3.145	337.993	0.000	337.993	0.000
95.904	10.321	0.0000	3.179	337.294	0.000	337.294	0.000
96.905	10.285	0.0000	3.212	336.111	0.000	336.111	0.000
97.904	10.270	0.0000	3.245	335.621	0.000	335.621	0.000
98.903	10.288	0.0000	3.279	336.196	0.000	336.196	0.000
99.902	10.301	0.0000	3.312	336.631	0.000	336.631	0.000
100.901	10.314	0.0000	3.345	337.052	0.000	337.052	0.000
101.899	10.322	0.0000	3.378	337.314	0.000	337.314	0.000
102.898	10.329	0.0000	3.412	337.556	0.000	337.556	0.000
103.898	10.345	0.0000	3.445	338.056	0.000	338.056	0.000
104.896	10.359	0.0000	3.478	338.533	0.000	338.533	0.000
105.896	10.360	0.0000	3.512	338.556	0.000	338.556	0.000
106.895	10.360	0.0000	3.545	338.565	0.000	338.565	0.000
107.894	10.367	0.0000	3.578	338.801	0.000	338.801	0.000
108.893	10.374	0.0000	3.612	339.020	0.000	339.020	0.000
109.892	10.365	0.0000	3.645	338.739	0.000	338.739	0.000
110.888	10.353	0.0000	3.678	338.333	0.000	338.333	0.000
111.89	10.345	0.0000	3.711	338.075	0.000	338.075	0.000
112.889	10.336	0.0000	3.745	337.778	0.000	337.778	0.000
113.887	10.311	0.0000	3.778	336.971	0.000	336.971	0.000
114.887	10.249	0.0000	3.811	334.948	0.000	334.948	0.000
115.885	10.231	0.0000	3.845	334.337	0.000	334.337	0.000
116.885	10.241	0.0000	3.878	334.660	0.000	334.660	0.000
117.883	10.268	0.0000	3.911	335.546	0.000	335.546	0.000
118.882	10.300	0.0000	3.945	336.608	0.000	336.608	0.000
119.881	10.309	0.0000	3.978	336.879	0.000	336.879	0.000
120.881	10.273	0.0000	4.011	335.722	0.000	335.722	0.000
121.879	10.229	0.0000	4.044	334.268	0.000	334.268	0.000
122.877	10.197	0.0000	4.078	333.232	0.000	333.232	0.000
123.878	10.196	0.0000	4.111	333.203	0.000	333.203	0.000
124.877	10.206	0.0000	4.144	333.520	0.000	333.520	0.000
125.875	10.208	0.0000	4.178	333.608	0.000	333.608	0.000
126.874	10.204	0.0000	4.211	333.464	0.000	333.464	0.000
127.874	10.185	0.0000	4.244	332.840	0.000	332.840	0.000
128.873	10.172	0.0000	4.278	332.412	0.000	332.412	0.000
129.872	10.203	0.0000	4.311	333.438	0.000	333.438	0.000
130.871	10.238	0.0000	4.344	334.575	0.000	334.575	0.000
131.87	10.259	0.0000	4.378	335.255	0.000	335.255	0.000
132.867	10.282	0.0000	4.411	336.000	0.000	336.000	0.000
133.868	10.283	0.0000	4.444	336.033	0.000	336.033	0.000
134.866	10.271	0.0000	4.477	335.641	0.000	335.641	0.000
135.865	10.265	0.0000	4.511	335.458	0.000	335.458	0.000
136.865	10.265	0.0000	4.544	335.458	0.000	335.458	0.000
137.864	10.264	0.0000	4.577	335.431	0.000	335.431	0.000
138.862	10.233	0.0000	4.611	334.408	0.000	334.408	0.000
139.863	10.222	0.0000	4.644	334.062	0.000	334.062	0.000
140.861	10.225	0.0000	4.677	334.150	0.000	334.150	0.000
141.86	10.229	0.0000	4.711	334.284	0.000	334.284	0.000
142.859	10.233	0.0000	4.744	334.402	0.000	334.402	0.000
143.858	10.241	0.0000	4.777	334.683	0.000	334.683	0.000
144.858	10.265	0.0000	4.810	335.448	0.000	335.448	0.000
145.855	10.288	0.0000	4.844	336.209	0.000	336.209	0.000
146.855	10.308	0.0000	4.877	336.850	0.000	336.850	0.000
147.852	10.313	0.0000	4.910	337.029	0.000	337.029	0.000
148.853	10.320	0.0000	4.944	337.261	0.000	337.261	0.000
149.852	10.317	0.0000	4.977	337.141	0.000	337.141	0.000
150.851	10.298	0.0000	5.010	336.529	0.000	336.529	0.000
151.849	10.273	0.0000	5.044	335.719	0.000	335.719	0.000
152.848	10.260	0.0000	5.077	335.291	0.000	335.291	0.000
153.848	10.245	0.0000	5.110	334.804	0.000	334.804	0.000
154.846	10.231	0.0000	5.143	334.333	0.000	334.333	0.000
155.846	10.212	0.0000	5.177	333.729	0.000	333.729	0.000
156.845	10.194	0.0000	5.210	333.144	0.000	333.144	0.000
157.844	10.178	0.0000	5.243	332.611	0.000	332.611	0.000
158.843	10.178	0.0000	5.277	332.621	0.000	332.621	0.000
159.842	10.206	0.0000	5.310	333.539	0.000	333.539	0.000
160.841	10.235	0.0000	5.343	334.471	0.000	334.471	0.000
161.84	10.246	0.0000	5.377	334.840	0.000	334.840	0.000
162.838	10.254	0.0000	5.410	335.095	0.000	335.095	0.000
163.838	10.249	0.0000	5.443	334.928	0.000	334.928	0.000
164.837	10.239	0.0000	5.476	334.591	0.000	334.591	0.000
165.835	10.232	0.0000	5.510	334.373	0.000	334.373	0.000
166.835	10.234	0.0000	5.543	334.428	0.000	334.428	0.000
167.834	10.236	0.0000	5.576	334.493	0.000	334.493	0.000
168.833	10.244	0.0000	5.610	334.755	0.000	334.755	0.000
169.833	10.257	0.0000	5.643	335.180	0.000	335.180	0.000
170.831	10.246	0.0000	5.676	334.830	0.000	334.830	0.000
171.83	10.169	0.0000	5.710	332.314	0.000	332.314	0.000
172.829	10.148	0.0000	5.743	331.627	0.000	331.627	0.000
173.829	10.199	0.0000	5.776	333.307	0.000	333.307	0.000
174.827	10.241	0.0000	5.809	334.670	0.000	334.670	0.000
175.825	10.259	0.0000	5.843	335.275	0.000	335.275	0.000
176.826	10.268	0.0000	5.876	335.565	0.000	335.565	0.000
177.824	10.272	0.0000	5.909	335.693	0.000	335.693	0.000
178.824	10.244	0.0000	5.943	334.758	0.000	334.758	0.000
179.82	10.229	0.0000	5.976	334.278	0.000	334.278	0.000
180.822	10.211	0.0000	6.009	333.690	0.000	333.690	0.000
181.819	10.156	0.0000	6.043	331.895	0.000	331.895	0.000
182.82	10.145	0.0000	6.076	331.529	0.000	331.529	0.000
183.819	10.133	0.0000	6.109	331.141	0.000	331.141	0.000
184.817	10.127	0.0000	6.142	330.958	0.000	330.958	0.000
185.816	10.126	0.0000	6.176	330.925	0.000	330.925	0.000
186.816	10.136	0.0000	6.209	331.248	0.000	331.248	0.000
187.815	10.145	0.0000	6.242	331.536	0.000	331.536	0.000
188.813	10.154	0.0000	6.276	331.830	0.000	331.830	0.000
189.812	10.161	0.0000	6.309	332.042	0.000	332.042	0.000
190.811	10.174	0.0000	6.342	332.467	0.000	332.467	0.000
191.811	10.195	0.0000	6.376	333.170	0.000	333.170	0.000
192.81	10.210	0.0000	6.409	333.650	0.000	333.650	0.000
193.809	10.223	0.0000	6.442	334.088	0.000	334.088	0.000
194.807	10.239	0.0000	6.475	334.598	0.000	334.598	0.000
195.807	10.266	0.0000	6.509	335.484	0.000	335.484	0.000
196.806	10.294	0.0000	6.542	336.389	0.000	336.389	0.000
197.804	10.320	0.0000	6.575	337.255	0.000	337.255	0.000
198.804	10.351	0.0000	6.609	338.281	0.000	338.281	0.000
199.803	10.389	0.0000	6.642	339.516	0.000	339.516	0.000
200.802	10.428	0.0000	6.675	340.797	0.000	340.797	0.000
201.801	10.464	0.0000	6.709	341.944	0.000	341.944	0.000
202.797	10.495	0.0000	6.742	342.974	0.000	342.974	0.000
203.799	10.523	0.0000	6.775	343.879	0.000	343.879	0.000
204.798	10.547	0.0000	6.808	344.686	0.000	344.686	0.000
205.797	10.570	0.0000	6.842	345.412	0.000	345.412	0.000
206.796	10.590	0.0000	6.875	346.069	0.000	346.069	0.000
207.795	10.608	0.0000	6.908	346.673	0.000	346.673	0.000
208.793	10.625	0.0000	6.942	347.209	0.000	347.209	0.000
209.793	10.640	0.0000	6.975	347.712	0.000	347.712	0.000
210.792	10.654	0.0000	7.008	348.180	0.000	348.180	0.000
211.791	10.668	0.0000	7.042	348.621	0.000	348.621	0.000
212.79	10.680	0.0000	7.075	349.023	0.000	349.023	0.000
213.789	10.691	0.0000	7.108	349.386	0.000	349.386	0.000
214.785	10.702	0.0000	7.141	349.735	0.000	349.735	0.000
215.786	10.713	0.0000	7.175	350.108	0.000	350.108	0.000
216.786	10.724	0.0000	7.208	350.451	0.000	350.451	0.000
217.785	10.734	0.0000	7.241	350.797	0.000	350.797	0.000
218.783	10.744	0.0000	7.275	351.124	0.000	351.124	0.000
219.782	10.754	0.0000	7.308	351.441	0.000	351.441	0.000
220.781	10.765	0.0000	7.341	351.784	0.000	351.784	0.000
221.781	10.774	0.0000	7.375	352.085	0.000	352.085	0.000
222.78	10.784	0.0000	7.408	352.405	0.000	352.405	0.000
223.78	10.793	0.0000	7.441	352.719	0.000	352.719	0.000
224.778	10.803	0.0000	7.474	353.039	0.000	353.039	0.000
225.777	10.812	0.0000	7.508	353.346	0.000	353.346	0.000
226.776	10.822	0.0000	7.541	353.644	0.000	353.644	0.000
227.775	10.831	0.0000	7.574	353.961	0.000	353.961	0.000
228.774	10.841	0.0000	7.608	354.268	0.000	354.268	0.000
229.771	10.849	0.0000	7.641	354.539	0.000	354.539	0.000
230.771	10.858	0.0000	7.674	354.820	0.000	354.820	0.000
231.77	10.867	0.0000	7.708	355.114	0.000	355.114	0.000
232.769	10.876	0.0000	7.741	355.412	0.000	355.412	0.000
233.769	10.884	0.0000	7.774	355.680	0.000	355.680	0.000
234.767	10.893	0.0000	7.807	355.967	0.000	355.967	0.000
235.767	10.902	0.0000	7.841	356.258	0.000	356.258	0.000
236.766	10.910	0.0000	7.874	356.533	0.000	356.533	0.000
237.765	10.918	0.0000	7.907	356.797	0.000	356.797	0.000
238.763	10.927	0.0000	7.941	357.085	0.000	357.085	0.000
239.762	10.934	0.0000	7.974	357.314	0.000	357.314	0.000
240.761	10.942	0.0000	8.007	357.588	0.000	357.588	0.000
241.76	10.950	0.0000	8.041	357.853	0.000	357.853	0.000
242.76	10.958	0.0000	8.074	358.118	0.000	358.118	0.000
243.76	10.966	0.0000	8.107	358.379	0.000	358.379	0.000
244.758	10.973	0.0000	8.140	358.608	0.000	358.608	0.000
245.758	10.982	0.0000	8.174	358.873	0.000	358.873	0.000
246.756	10.989	0.0000	8.207	359.101	0.000	359.101	0.000
247.755	10.997	0.0000	8.240	359.373	0.000	359.373	0.000
248.754	11.003	0.0000	8.274	359.578	0.000	359.578	0.000
249.751	11.011	0.0000	8.307	359.840	0.000	359.840	0.000
250.753	11.019	0.0000	8.340	360.105	0.000	360.105	0.000
251.751	11.027	0.0000	8.374	360.346	0.000	360.346	0.000
252.751	11.032	0.0000	8.407	360.513	0.000	360.513	0.000
253.749	11.039	0.0000	8.440	360.748	0.000	360.748	0.000
254.748	11.048	0.0000	8.473	361.042	0.000	361.042	0.000
255.747	11.056	0.0000	8.507	361.307	0.000	361.307	0.000
256.747	11.063	0.0000	8.540	361.529	0.000	361.529	0.000
257.745	11.070	0.0000	8.573	361.771	0.000	361.771	0.000
258.744	11.078	0.0000	8.607	362.016	0.000	362.016	0.000
259.744	11.085	0.0000	8.640	362.242	0.000	362.242	0.000
260.743	11.092	0.0000	8.673	362.477	0.000	362.477	0.000
261.742	11.098	0.0000	8.707	362.686	0.000	362.686	0.000
262.739	11.106	0.0000	8.740	362.941	0.000	362.941	0.000
263.738	11.113	0.0000	8.773	363.154	0.000	363.154	0.000
264.738	11.119	0.0000	8.806	363.376	0.000	363.376	0.000
265.735	11.127	0.0000	8.840	363.614	0.000	363.614	0.000
266.736	11.133	0.0000	8.873	363.814	0.000	363.814	0.000
267.735	11.141	0.0000	8.906	364.082	0.000	364.082	0.000
268.734	11.147	0.0000	8.940	364.291	0.000	364.291	0.000
269.733	11.153	0.0000	8.973	364.474	0.000	364.474	0.000
270.733	11.161	0.0000	9.006	364.725	0.000	364.725	0.000
271.731	11.168	0.0000	9.040	364.954	0.000	364.954	0.000
272.731	11.175	0.0000	9.073	365.186	0.000	365.186	0.000
273.728	11.182	0.0000	9.106	365.412	0.000	365.412	0.000
274.729	11.187	0.0000	9.139	365.595	0.000	365.595	0.000
275.727	11.194	0.0000	9.173	365.801	0.000	365.801	0.000
276.724	11.200	0.0000	9.206	366.023	0.000	366.023	0.000
277.725	11.206	0.0000	9.239	366.216	0.000	366.216	0.000
278.725	11.212	0.0000	9.273	366.415	0.000	366.415	0.000
279.723	11.218	0.0000	9.306	366.601	0.000	366.601	0.000
280.723	11.225	0.0000	9.339	366.837	0.000	366.837	0.000
281.721	11.231	0.0000	9.373	367.036	0.000	367.036	0.000
282.72	11.237	0.0000	9.406	367.229	0.000	367.229	0.000
283.72	11.244	0.0000	9.439	367.435	0.000	367.435	0.000
284.718	11.250	0.0000	9.472	367.631	0.000	367.631	0.000
285.716	11.256	0.0000	9.506	367.837	0.000	367.837	0.000
286.717	11.262	0.0000	9.539	368.026	0.000	368.026	0.000
287.716	11.268	0.0000	9.572	368.222	0.000	368.222	0.000
288.714	11.274	0.0000	9.606	368.418	0.000	368.418	0.000
289.714	11.280	0.0000	9.639	368.631	0.000	368.631	0.000
290.712	11.286	0.0000	9.672	368.817	0.000	368.817	0.000
291.712	11.292	0.0000	9.706	369.003	0.000	369.003	0.000
292.71	11.298	0.0000	9.739	369.199	0.000	369.199	0.000
293.709	11.303	0.0000	9.772	369.386	0.000	369.386	0.000
294.709	11.309	0.0000	9.805	369.569	0.000	369.569	0.000
295.708	11.315	0.0000	9.839	369.771	0.000	369.771	0.000
296.706	11.321	0.0000	9.872	369.971	0.000	369.971	0.000
297.706	11.327	0.0000	9.905	370.150	0.000	370.150	0.000
298.704	11.332	0.0000	9.939	370.337	0.000	370.337	0.000
299.703	11.338	0.0000	9.972	370.520	0.000	370.520	0.000
300.702	11.344	0.0000	10.005	370.706	0.000	370.706	0.000
301.701	11.349	0.0000	10.039	370.882	0.000	370.882	0.000
302.7	11.354	0.0000	10.072	371.052	0.000	371.052	0.000
303.698	11.360	0.0000	10.105	371.235	0.000	371.235	0.000
304.698	11.365	0.0000	10.138	371.392	0.000	371.392	0.000
305.697	11.370	0.0000	10.172	371.578	0.000	371.578	0.000
306.697	11.376	0.0000	10.205	371.778	0.000	371.778	0.000
307.695	11.382	0.0000	10.238	371.954	0.000	371.954	0.000
308.694	11.386	0.0000	10.272	372.088	0.000	372.088	0.000
309.694	11.391	0.0000	10.305	372.265	0.000	372.265	0.000
310.691	11.398	0.0000	10.338	372.467	0.000	372.467	0.000
311.693	11.403	0.0000	10.372	372.637	0.000	372.637	0.000
312.691	11.408	0.0000	10.405	372.804	0.000	372.804	0.000
313.69	11.413	0.0000	10.438	372.964	0.000	372.964	0.000
314.689	11.418	0.0000	10.471	373.134	0.000	373.134	0.000
315.689	11.423	0.0000	10.505	373.307	0.000	373.307	0.000
316.687	11.428	0.0000	10.538	373.474	0.000	373.474	0.000
317.686	11.433	0.0000	10.571	373.631	0.000	373.631	0.000
318.685	11.438	0.0000	10.605	373.797	0.000	373.797	0.000
319.682	11.444	0.0000	10.638	373.971	0.000	373.971	0.000
320.682	11.449	0.0000	10.671	374.137	0.000	374.137	0.000
321.682	11.453	0.0000	10.705	374.281	0.000	374.281	0.000
322.681	11.458	0.0000	10.738	374.435	0.000	374.435	0.000
323.678	11.463	0.0000	10.771	374.621	0.000	374.621	0.000
324.679	11.468	0.0000	10.804	374.781	0.000	374.781	0.000
325.678	11.473	0.0000	10.838	374.918	0.000	374.918	0.000
326.676	11.477	0.0000	10.871	375.075	0.000	375.075	0.000
327.674	11.483	0.0000	10.904	375.248	0.000	375.248	0.000
328.674	11.487	0.0000	10.938	375.405	0.000	375.405	0.000
329.675	11.492	0.0000	10.971	375.542	0.000	375.542	0.000
330.671	11.497	0.0000	11.004	375.709	0.000	375.709	0.000
331.673	11.502	0.0000	11.038	375.869	0.000	375.869	0.000
332.672	11.506	0.0000	11.071	376.016	0.000	376.016	0.000
333.669	11.511	0.0000	11.104	376.167	0.000	376.167	0.000
334.669	11.515	0.0000	11.137	376.307	0.000	376.307	0.000
335.667	11.520	0.0000	11.171	376.464	0.000	376.464	0.000
336.667	11.524	0.0000	11.204	376.614	0.000	376.614	0.000
337.666	11.528	0.0000	11.237	376.739	0.000	376.739	0.000
338.664	11.532	0.0000	11.271	376.863	0.000	376.863	0.000
339.664	11.537	0.0000	11.304	377.010	0.000	377.010	0.000
340.662	11.542	0.0000	11.337	377.173	0.000	377.173	0.000
341.663	11.546	0.0000	11.371	377.310	0.000	377.310	0.000
342.66	11.550	0.0000	11.404	377.451	0.000	377.451	0.000
343.66	11.555	0.0000	11.437	377.611	0.000	377.611	0.000
344.66	11.559	0.0000	11.470	377.739	0.000	377.739	0.000
345.658	11.562	0.0000	11.504	377.856	0.000	377.856	0.000
346.657	11.567	0.0000	11.537	378.007	0.000	378.007	0.000
347.655	11.572	0.0000	11.570	378.163	0.000	378.163	0.000
348.655	11.575	0.0000	11.604	378.281	0.000	378.281	0.000
349.655	11.580	0.0000	11.637	378.431	0.000	378.431	0.000
350.652	11.585	0.0000	11.670	378.591	0.000	378.591	0.000
351.653	11.589	0.0000	11.704	378.725	0.000	378.725	0.000
352.65	11.593	0.0000	11.737	378.866	0.000	378.866	0.000
353.651	11.599	0.0000	11.770	379.036	0.000	379.036	0.000
354.648	11.602	0.0000	11.803	379.150	0.000	379.150	0.000
355.648	11.606	0.0000	11.837	379.271	0.000	379.271	0.000
356.648	11.610	0.0000	11.870	379.418	0.000	379.418	0.000
357.646	11.615	0.0000	11.903	379.575	0.000	379.575	0.000
358.644	11.618	0.0000	11.937	379.670	0.000	379.670	0.000
359.645	11.622	0.0000	11.970	379.801	0.000	379.801	0.000
360.642	11.625	0.0000	12.003	379.912	0.000	379.912	0.000
361.642	11.630	0.0000	12.037	380.065	0.000	380.065	0.000
362.642	11.634	0.0000	12.070	380.183	0.000	380.183	0.000
363.64	11.637	0.0000	12.103	380.297	0.000	380.297	0.000
364.638	11.640	0.0000	12.136	380.392	0.000	380.392	0.000
365.639	11.645	0.0000	12.170	380.546	0.000	380.546	0.000
366.637	11.648	0.0000	12.203	380.637	0.000	380.637	0.000
367.635	11.651	0.0000	12.236	380.765	0.000	380.765	0.000
368.635	11.655	0.0000	12.270	380.882	0.000	380.882	0.000
369.634	11.659	0.0000	12.303	381.023	0.000	381.023	0.000
370.634	11.663	0.0000	12.336	381.157	0.000	381.157	0.000
371.632	11.667	0.0000	12.370	381.261	0.000	381.261	0.000
372.632	11.670	0.0000	12.403	381.373	0.000	381.373	0.000
373.629	11.674	0.0000	12.436	381.510	0.000	381.510	0.000
374.63	11.677	0.0000	12.469	381.614	0.000	381.614	0.000
375.629	11.681	0.0000	12.503	381.729	0.000	381.729	0.000
376.628	11.685	0.0000	12.536	381.863	0.000	381.863	0.000
377.626	11.688	0.0000	12.569	381.954	0.000	381.954	0.000
378.624	11.691	0.0000	12.603	382.042	0.000	382.042	0.000
379.625	11.695	0.0000	12.636	382.190	0.000	382.190	0.000
380.624	11.699	0.0000	12.669	382.327	0.000	382.327	0.000
381.622	11.702	0.0000	12.703	382.408	0.000	382.408	0.000
382.62	11.705	0.0000	12.736	382.520	0.000	382.520	0.000
383.621	11.710	0.0000	12.769	382.680	0.000	382.680	0.000
384.619	11.713	0.0000	12.802	382.771	0.000	382.771	0.000
385.618	11.715	0.0000	12.836	382.843	0.000	382.843	0.000
386.617	11.720	0.0000	12.869	383.003	0.000	383.003	0.000
387.615	11.722	0.0000	12.902	383.078	0.000	383.078	0.000
388.615	11.725	0.0000	12.936	383.173	0.000	383.173	0.000
389.614	11.730	0.0000	12.969	383.333	0.000	383.333	0.000
390.614	11.732	0.0000	13.002	383.405	0.000	383.405	0.000
391.613	11.735	0.0000	13.036	383.510	0.000	383.510	0.000
392.612	11.740	0.0000	13.069	383.660	0.000	383.660	0.000
393.611	11.743	0.0000	13.102	383.758	0.000	383.758	0.000
394.609	11.745	0.0000	13.135	383.824	0.000	383.824	0.000
395.609	11.750	0.0000	13.169	383.974	0.000	383.974	0.000
396.608	11.751	0.0000	13.202	384.020	0.000	384.020	0.000
397.608	11.755	0.0000	13.235	384.150	0.000	384.150	0.000
398.605	11.758	0.0000	13.269	384.239	0.000	384.239	0.000
399.603	11.760	0.0000	13.302	384.314	0.000	384.314	0.000
400.604	11.765	0.0000	13.335	384.474	0.000	384.474	0.000
401.601	11.766	0.0000	13.369	384.523	0.000	384.523	0.000
402.601	11.770	0.0000	13.402	384.641	0.000	384.641	0.000
403.601	11.773	0.0000	13.435	384.732	0.000	384.732	0.000
404.6	11.775	0.0000	13.469	384.804	0.000	384.804	0.000
405.597	11.779	0.0000	13.502	384.922	0.000	384.922	0.000
406.597	11.780	0.0000	13.535	384.974	0.000	384.974	0.000
407.597	11.785	0.0000	13.568	385.131	0.000	385.131	0.000
408.595	11.787	0.0000	13.602	385.180	0.000	385.180	0.000
409.595	11.790	0.0000	13.635	385.294	0.000	385.294	0.000
410.594	11.795	0.0000	13.668	385.454	0.000	385.454	0.000
411.593	11.795	0.0000	13.702	385.458	0.000	385.458	0.000
412.591	11.800	0.0000	13.735	385.608	0.000	385.608	0.000
413.592	11.803	0.0000	13.768	385.703	0.000	385.703	0.000
414.59	11.805	0.0000	13.802	385.784	0.000	385.784	0.000
415.589	11.808	0.0000	13.835	385.882	0.000	385.882	0.000
416.589	11.810	0.0000	13.868	385.948	0.000	385.948	0.000
417.587	11.814	0.0000	13.901	386.091	0.000	386.091	0.000
418.584	11.815	0.0000	13.935	386.111	0.000	386.111	0.000
419.585	11.820	0.0000	13.968	386.258	0.000	386.258	0.000
420.585	11.821	0.0000	14.001	386.307	0.000	386.307	0.000
421.584	11.825	0.0000	14.035	386.438	0.000	386.438	0.000
422.583	11.826	0.0000	14.068	386.454	0.000	386.454	0.000
423.58	11.830	0.0000	14.101	386.601	0.000	386.601	0.000
424.58	11.830	0.0000	14.135	386.608	0.000	386.608	0.000
425.58	11.835	0.0000	14.168	386.765	0.000	386.765	0.000
426.578	11.836	0.0000	14.201	386.804	0.000	386.804	0.000
427.578	11.840	0.0000	14.234	386.928	0.000	386.928	0.000
428.577	11.842	0.0000	14.268	387.000	0.000	387.000	0.000
429.574	11.845	0.0000	14.301	387.091	0.000	387.091	0.000
430.573	11.848	0.0000	14.334	387.199	0.000	387.199	0.000
431.573	11.850	0.0000	14.368	387.255	0.000	387.255	0.000
432.572	11.852	0.0000	14.401	387.324	0.000	387.324	0.000
433.571	11.855	0.0000	14.434	387.418	0.000	387.418	0.000
434.571	11.857	0.0000	14.468	387.471	0.000	387.471	0.000
435.57	11.860	0.0000	14.501	387.582	0.000	387.582	0.000
436.569	11.861	0.0000	14.534	387.614	0.000	387.614	0.000
437.567	11.865	0.0000	14.567	387.745	0.000	387.745	0.000
438.564	11.867	0.0000	14.601	387.807	0.000	387.807	0.000
439.566	11.870	0.0000	14.634	387.908	0.000	387.908	0.000
440.564	11.870	0.0000	14.667	387.912	0.000	387.912	0.000
441.564	11.875	0.0000	14.701	388.072	0.000	388.072	0.000
442.561	11.876	0.0000	14.734	388.091	0.000	388.091	0.000
443.562	11.880	0.0000	14.767	388.235	0.000	388.235	0.000
444.561	11.880	0.0000	14.801	388.235	0.000	388.235	0.000
445.56	11.885	0.0000	14.834	388.382	0.000	388.382	0.000
446.559	11.885	0.0000	14.867	388.399	0.000	388.399	0.000
447.558	11.888	0.0000	14.900	388.507	0.000	388.507	0.000
448.556	11.890	0.0000	14.934	388.562	0.000	388.562	0.000
449.556	11.892	0.0000	14.967	388.624	0.000	388.624	0.000
450.554	11.895	0.0000	15.000	388.725	0.000	388.725	0.000
451.553	11.898	0.0000	15.034	388.810	0.000	388.810	0.000
452.552	11.900	0.0000	15.067	388.889	0.000	388.889	0.000
453.551	11.900	0.0000	15.100	388.889	0.000	388.889	0.000
454.548	11.904	0.0000	15.134	389.003	0.000	389.003	0.000
455.55	11.905	0.0000	15.167	389.052	0.000	389.052	0.000
456.549	11.907	0.0000	15.200	389.108	0.000	389.108	0.000
457.548	11.910	0.0000	15.233	389.216	0.000	389.216	0.000
458.547	11.910	0.0000	15.267	389.216	0.000	389.216	0.000
459.546	11.913	0.0000	15.300	389.320	0.000	389.320	0.000
460.545	11.915	0.0000	15.333	389.379	0.000	389.379	0.000
461.544	11.918	0.0000	15.367	389.461	0.000	389.461	0.000
462.542	11.920	0.0000	15.400	389.542	0.000	389.542	0.000
463.542	11.920	0.0000	15.433	389.542	0.000	389.542	0.000
464.54	11.924	0.0000	15.467	389.683	0.000	389.683	0.000
465.54	11.925	0.0000	15.500	389.706	0.000	389.706	0.000
466.539	11.927	0.0000	15.533	389.755	0.000	389.755	0.000
467.537	11.930	0.0000	15.566	389.869	0.000	389.869	0.000
468.535	11.930	0.0000	15.600	389.869	0.000	389.869	0.000
469.534	11.935	0.0000	15.633	390.029	0.000	390.029	0.000
470.533	11.935	0.0000	15.666	390.033	0.000	390.033	0.000
471.533	11.937	0.0000	15.700	390.085	0.000	390.085	0.000
472.533	11.940	0.0000	15.733	390.196	0.000	390.196	0.000
473.532	11.940	0.0000	15.766	390.196	0.000	390.196	0.000
474.532	11.944	0.0000	15.800	390.320	0.000	390.320	0.000
475.531	11.945	0.0000	15.833	390.359	0.000	390.359	0.000
476.529	11.946	0.0000	15.866	390.392	0.000	390.392	0.000
477.527	11.950	0.0000	15.899	390.523	0.000	390.523	0.000
478.527	11.950	0.0000	15.933	390.523	0.000	390.523	0.000
479.526	11.953	0.0000	15.966	390.621	0.000	390.621	0.000
480.525	11.955	0.0000	15.999	390.686	0.000	390.686	0.000
481.524	11.955	0.0000	16.033	390.686	0.000	390.686	0.000
482.524	11.958	0.0000	16.066	390.775	0.000	390.775	0.000
483.522	11.960	0.0000	16.099	390.850	0.000	390.850	0.000
484.519	11.960	0.0000	16.133	390.850	0.000	390.850	0.000
485.52	11.960	0.0000	16.166	390.863	0.000	390.863	0.000
486.52	11.965	0.0000	16.199	391.013	0.000	391.013	0.000
487.518	11.965	0.0000	16.232	391.013	0.000	391.013	0.000
488.517	11.966	0.0000	16.266	391.049	0.000	391.049	0.000
489.516	11.970	0.0000	16.299	391.176	0.000	391.176	0.000
490.516	11.970	0.0000	16.332	391.176	0.000	391.176	0.000
491.513	11.972	0.0000	16.366	391.232	0.000	391.232	0.000
492.513	11.975	0.0000	16.399	391.340	0.000	391.340	0.000
493.512	11.975	0.0000	16.432	391.340	0.000	391.340	0.000
494.511	11.975	0.0000	16.466	391.346	0.000	391.346	0.000
495.511	11.980	0.0000	16.499	391.503	0.000	391.503	0.000
496.509	11.980	0.0000	16.532	391.503	0.000	391.503	0.000
497.509	11.980	0.0000	16.565	391.503	0.000	391.503	0.000
498.508	11.984	0.0000	16.599	391.637	0.000	391.637	0.000
499.507	11.985	0.0000	16.632	391.667	0.000	391.667	0.000
500.506	11.985	0.0000	16.665	391.667	0.000	391.667	0.000
501.504	11.989	0.0000	16.699	391.810	0.000	391.810	0.000
502.503	11.990	0.0000	16.732	391.830	0.000	391.830	0.000
503.503	11.990	0.0000	16.765	391.830	0.000	391.830	0.000
504.502	11.990	0.0000	16.799	391.833	0.000	391.833	0.000
505.501	11.995	0.0000	16.832	391.993	0.000	391.993	0.000
506.5	11.995	0.0000	16.865	391.993	0.000	391.993	0.000
507.499	11.995	0.0000	16.898	391.993	0.000	391.993	0.000
508.497	12.000	0.0000	16.932	392.147	0.000	392.147	0.000
509.497	12.000	0.0000	16.965	392.157	0.000	392.157	0.000
510.496	12.000	0.0000	16.998	392.157	0.000	392.157	0.000
511.494	12.002	0.0000	17.032	392.222	0.000	392.222	0.000
512.493	12.005	0.0000	17.065	392.320	0.000	392.320	0.000
513.49	12.005	0.0000	17.098	392.320	0.000	392.320	0.000
514.491	12.005	0.0000	17.132	392.320	0.000	392.320	0.000
515.49	12.005	0.0000	17.165	392.333	0.000	392.333	0.000
516.489	12.010	0.0000	17.198	392.484	0.000	392.484	0.000
517.488	12.010	0.0000	17.231	392.484	0.000	392.484	0.000
518.487	12.010	0.0000	17.265	392.484	0.000	392.484	0.000
519.486	12.015	0.0000	17.298	392.644	0.000	392.644	0.000
520.486	12.015	0.0000	17.331	392.647	0.000	392.647	0.000
521.484	12.015	0.0000	17.365	392.660	0.000	392.660	0.000
522.484	12.020	0.0000	17.398	392.810	0.000	392.810	0.000
523.483	12.020	0.0000	17.431	392.810	0.000	392.810	0.000
524.482	12.020	0.0000	17.465	392.810	0.000	392.810	0.000
525.481	12.020	0.0000	17.498	392.810	0.000	392.810	0.000
526.48	12.020	0.0000	17.531	392.810	0.000	392.810	0.000
527.478	12.023	0.0000	17.564	392.915	0.000	392.915	0.000
528.477	12.025	0.0000	17.598	392.974	0.000	392.974	0.000
529.477	12.025	0.0000	17.631	392.974	0.000	392.974	0.000
530.476	12.025	0.0000	17.664	392.974	0.000	392.974	0.000
531.475	12.030	0.0000	17.698	393.137	0.000	393.137	0.000
532.474	12.030	0.0000	17.731	393.137	0.000	393.137	0.000
533.473	12.030	0.0000	17.764	393.137	0.000	393.137	0.000
534.472	12.031	0.0000	17.798	393.180	0.000	393.180	0.000
535.471	12.035	0.0000	17.831	393.301	0.000	393.301	0.000
536.47	12.035	0.0000	17.864	393.301	0.000	393.301	0.000
537.469	12.035	0.0000	17.897	393.301	0.000	393.301	0.000
538.468	12.035	0.0000	17.931	393.301	0.000	393.301	0.000
539.467	12.035	0.0000	17.964	393.301	0.000	393.301	0.000
540.466	12.039	0.0000	17.997	393.431	0.000	393.431	0.000
541.464	12.040	0.0000	18.031	393.464	0.000	393.464	0.000
542.464	12.040	0.0000	18.064	393.464	0.000	393.464	0.000
543.463	12.040	0.0000	18.097	393.464	0.000	393.464	0.000
544.462	12.040	0.0000	18.131	393.464	0.000	393.464	0.000
545.461	12.040	0.0000	18.164	393.464	0.000	393.464	0.000
546.46	12.044	0.0000	18.197	393.591	0.000	393.591	0.000
547.459	12.045	0.0000	18.230	393.627	0.000	393.627	0.000
548.458	12.045	0.0000	18.264	393.627	0.000	393.627	0.000
549.455	12.045	0.0000	18.297	393.627	0.000	393.627	0.000
550.455	12.045	0.0000	18.330	393.627	0.000	393.627	0.000
551.454	12.049	0.0000	18.364	393.742	0.000	393.742	0.000
552.454	12.050	0.0000	18.397	393.791	0.000	393.791	0.000
553.453	12.050	0.0000	18.430	393.791	0.000	393.791	0.000
554.449	12.050	0.0000	18.464	393.791	0.000	393.791	0.000
555.451	12.050	0.0000	18.497	393.791	0.000	393.791	0.000
556.451	12.050	0.0000	18.530	393.791	0.000	393.791	0.000
557.45	12.051	0.0000	18.563	393.827	0.000	393.827	0.000
558.448	12.055	0.0000	18.597	393.954	0.000	393.954	0.000
559.447	12.055	0.0000	18.630	393.954	0.000	393.954	0.000
560.446	12.055	0.0000	18.663	393.954	0.000	393.954	0.000
561.445	12.055	0.0000	18.697	393.954	0.000	393.954	0.000
562.445	12.055	0.0000	18.730	393.954	0.000	393.954	0.000
563.443	12.056	0.0000	18.763	393.997	0.000	393.997	0.000
564.44	12.060	0.0000	18.797	394.118	0.000	394.118	0.000
565.442	12.060	0.0000	18.830	394.118	0.000	394.118	0.000
566.44	12.060	0.0000	18.863	394.118	0.000	394.118	0.000
567.438	12.060	0.0000	18.896	394.118	0.000	394.118	0.000
568.437	12.060	0.0000	18.930	394.118	0.000	394.118	0.000
569.437	12.063	0.0000	18.963	394.212	0.000	394.212	0.000
570.435	12.065	0.0000	18.996	394.281	0.000	394.281	0.000
571.435	12.065	0.0000	19.030	394.281	0.000	394.281	0.000
572.434	12.065	0.0000	19.063	394.281	0.000	394.281	0.000
573.433	12.065	0.0000	19.096	394.281	0.000	394.281	0.000
574.431	12.065	0.0000	19.130	394.281	0.000	394.281	0.000
575.431	12.065	0.0000	19.163	394.281	0.000	394.281	0.000
576.428	12.068	0.0000	19.196	394.382	0.000	394.382	0.000
577.43	12.070	0.0000	19.229	394.444	0.000	394.444	0.000
578.428	12.070	0.0000	19.263	394.444	0.000	394.444	0.000
579.426	12.070	0.0000	19.296	394.444	0.000	394.444	0.000
580.425	12.070	0.0000	19.329	394.444	0.000	394.444	0.000
581.424	12.070	0.0000	19.363	394.444	0.000	394.444	0.000
582.424	12.070	0.0000	19.396	394.444	0.000	394.444	0.000
583.424	12.070	0.0000	19.429	394.444	0.000	394.444	0.000
584.42	12.073	0.0000	19.463	394.533	0.000	394.533	0.000
585.421	12.075	0.0000	19.496	394.608	0.000	394.608	0.000
586.421	12.075	0.0000	19.529	394.608	0.000	394.608	0.000
587.418	12.075	0.0000	19.562	394.608	0.000	394.608	0.000
588.418	12.075	0.0000	19.596	394.608	0.000	394.608	0.000
589.418	12.075	0.0000	19.629	394.608	0.000	394.608	0.000
590.416	12.075	0.0000	19.662	394.608	0.000	394.608	0.000
591.415	12.075	0.0000	19.696	394.608	0.000	394.608	0.000
592.414	12.075	0.0000	19.729	394.608	0.000	394.608	0.000
593.413	12.077	0.0000	19.762	394.683	0.000	394.683	0.000
594.413	12.080	0.0000	19.796	394.771	0.000	394.771	0.000
595.411	12.080	0.0000	19.829	394.771	0.000	394.771	0.000
596.41	12.080	0.0000	19.862	394.771	0.000	394.771	0.000
597.409	12.080	0.0000	19.895	394.771	0.000	394.771	0.000
598.408	12.080	0.0000	19.929	394.771	0.000	394.771	0.000
599.408	12.080	0.0000	19.962	394.771	0.000	394.771	0.000
600.407	12.080	0.0000	19.995	394.771	0.000	394.771	0.000
601.403	12.080	0.0000	20.029	394.771	0.000	394.771	0.000
602.405	12.080	0.0000	20.062	394.771	0.000	394.771	0.000
603.404	12.082	0.0000	20.095	394.824	0.000	394.824	0.000
604.403	12.085	0.0000	20.129	394.935	0.000	394.935	0.000
605.402	12.085	0.0000	20.162	394.935	0.000	394.935	0.000
606.4	12.085	0.0000	20.195	394.935	0.000	394.935	0.000
607.399	12.085	0.0000	20.228	394.935	0.000	394.935	0.000
608.398	12.085	0.0000	20.262	394.935	0.000	394.935	0.000
609.396	12.085	0.0000	20.295	394.935	0.000	394.935	0.000
610.395	12.085	0.0000	20.328	394.935	0.000	394.935	0.000
611.394	12.085	0.0000	20.362	394.935	0.000	394.935	0.000
612.396	12.085	0.0000	20.395	394.935	0.000	394.935	0.000
613.393	12.085	0.0000	20.428	394.935	0.000	394.935	0.000
614.393	12.085	0.0000	20.462	394.935	0.000	394.935	0.000
615.393	12.085	0.0000	20.495	394.935	0.000	394.935	0.000
616.391	12.085	0.0000	20.528	394.935	0.000	394.935	0.000
617.39	12.087	0.0000	20.561	394.993	0.000	394.993	0.000
618.389	12.090	0.0000	20.595	395.098	0.000	395.098	0.000
619.386	12.090	0.0000	20.628	395.098	0.000	395.098	0.000
620.386	12.090	0.0000	20.661	395.098	0.000	395.098	0.000
621.385	12.090	0.0000	20.695	395.098	0.000	395.098	0.000
622.383	12.090	0.0000	20.728	395.098	0.000	395.098	0.000
623.384	12.090	0.0000	20.761	395.098	0.000	395.098	0.000
624.382	12.090	0.0000	20.795	395.098	0.000	395.098	0.000
625.382	12.090	0.0000	20.828	395.098	0.000	395.098	0.000
626.38	12.090	0.0000	20.861	395.098	0.000	395.098	0.000
627.379	12.090	0.0000	20.894	395.098	0.000	395.098	0.000
628.377	12.090	0.0000	20.928	395.098	0.000	395.098	0.000
629.378	12.090	0.0000	20.961	395.098	0.000	395.098	0.000
630.377	12.090	0.0000	20.994	395.098	0.000	395.098	0.000
631.376	12.090	0.0000	21.028	395.098	0.000	395.098	0.000
632.373	12.090	0.0000	21.061	395.098	0.000	395.098	0.000
633.374	12.094	0.0000	21.094	395.239	0.000	395.239	0.000
634.373	12.092	0.0000	21.128	395.170	0.000	395.170	0.000
635.372	12.090	0.0000	21.161	395.098	0.000	395.098	0.000
636.369	12.090	0.0000	21.194	395.098	0.000	395.098	0.000
637.37	12.090	0.0000	21.227	395.098	0.000	395.098	0.000
638.368	12.090	0.0000	21.261	395.098	0.000	395.098	0.000
639.367	12.090	0.0000	21.294	395.098	0.000	395.098	0.000
640.368	12.090	0.0000	21.327	395.098	0.000	395.098	0.000
641.366	12.090	0.0000	21.361	395.098	0.000	395.098	0.000
642.365	12.090	0.0000	21.394	395.098	0.000	395.098	0.000
643.363	12.090	0.0000	21.427	395.098	0.000	395.098	0.000
644.363	12.090	0.0000	21.461	395.098	0.000	395.098	0.000
645.362	12.093	0.0000	21.494	395.183	0.000	395.183	0.000
646.36	12.090	0.0000	21.527	395.098	0.000	395.098	0.000
647.359	12.090	0.0000	21.560	395.098	0.000	395.098	0.000
648.358	12.090	0.0000	21.594	395.098	0.000	395.098	0.000
649.359	12.090	0.0000	21.627	395.098	0.000	395.098	0.000
650.358	12.090	0.0000	21.660	395.098	0.000	395.098	0.000
651.357	12.090	0.0000	21.694	395.098	0.000	395.098	0.000
652.355	12.090	0.0000	21.727	395.098	0.000	395.098	0.000
653.354	12.090	0.0000	21.760	395.098	0.000	395.098	0.000
654.353	12.090	0.0000	21.794	395.098	0.000	395.098	0.000
655.351	12.090	0.0000	21.827	395.098	0.000	395.098	0.000
656.35	12.090	0.0000	21.860	395.098	0.000	395.098	0.000
657.349	12.090	0.0000	21.894	395.098	0.000	395.098	0.000
658.349	12.090	0.0000	21.927	395.098	0.000	395.098	0.000
659.349	12.090	0.0000	21.960	395.098	0.000	395.098	0.000
660.347	12.090	0.0000	21.993	395.098	0.000	395.098	0.000
661.345	12.090	0.0000	22.027	395.098	0.000	395.098	0.000
662.343	12.090	0.0000	22.060	395.098	0.000	395.098	0.000
663.344	12.090	0.0000	22.093	395.098	0.000	395.098	0.000
664.343	12.090	0.0000	22.127	395.098	0.000	395.098	0.000
665.342	12.090	0.0000	22.160	395.098	0.000	395.098	0.000
666.341	12.090	0.0000	22.193	395.098	0.000	395.098	0.000
667.34	12.090	0.0000	22.227	395.098	0.000	395.098	0.000
668.339	12.090	0.0000	22.260	395.098	0.000	395.098	0.000
669.337	12.090	0.0000	22.293	395.098	0.000	395.098	0.000
670.337	12.090	0.0000	22.326	395.098	0.000	395.098	0.000
671.335	12.090	0.0000	22.360	395.098	0.000	395.098	0.000
672.334	12.089	0.0000	22.393	395.056	0.000	395.056	0.000
673.334	12.085	0.0000	22.426	394.935	0.000	394.935	0.000
674.333	12.085	0.0000	22.460	394.935	0.000	394.935	0.000
675.332	12.085	0.0000	22.493	394.935	0.000	394.935	0.000
676.331	12.085	0.0000	22.526	394.935	0.000	394.935	0.000
677.331	12.085	0.0000	22.560	394.935	0.000	394.935	0.000
678.33	12.085	0.0000	22.593	394.935	0.000	394.935	0.000
679.329	12.085	0.0000	22.626	394.935	0.000	394.935	0.000
680.327	12.085	0.0000	22.659	394.935	0.000	394.935	0.000
681.325	12.085	0.0000	22.693	394.935	0.000	394.935	0.000
682.325	12.085	0.0000	22.726	394.935	0.000	394.935	0.000
683.322	12.085	0.0000	22.759	394.935	0.000	394.935	0.000
684.324	12.085	0.0000	22.793	394.935	0.000	394.935	0.000
685.321	12.085	0.0000	22.826	394.935	0.000	394.935	0.000
686.32	12.084	0.0000	22.859	394.902	0.000	394.902	0.000
687.319	12.080	0.0000	22.893	394.771	0.000	394.771	0.000
688.32	12.080	0.0000	22.926	394.771	0.000	394.771	0.000
689.317	12.080	0.0000	22.959	394.771	0.000	394.771	0.000
690.316	12.080	0.0000	22.992	394.771	0.000	394.771	0.000
691.316	12.080	0.0000	23.026	394.771	0.000	394.771	0.000
692.315	12.080	0.0000	23.059	394.771	0.000	394.771	0.000
693.314	12.080	0.0000	23.092	394.771	0.000	394.771	0.000
694.313	12.080	0.0000	23.126	394.771	0.000	394.771	0.000
695.312	12.080	0.0000	23.159	394.771	0.000	394.771	0.000
696.31	12.080	0.0000	23.192	394.771	0.000	394.771	0.000
697.31	12.076	0.0000	23.226	394.654	0.000	394.654	0.000
698.309	12.075	0.0000	23.259	394.608	0.000	394.608	0.000
699.308	12.075	0.0000	23.292	394.608	0.000	394.608	0.000
700.309	12.075	0.0000	23.325	394.608	0.000	394.608	0.000
701.307	12.075	0.0000	23.359	394.608	0.000	394.608	0.000
702.305	12.072	0.0000	23.392	394.516	0.000	394.516	0.000
703.304	12.070	0.0000	23.425	394.444	0.000	394.444	0.000
704.304	12.070	0.0000	23.459	394.444	0.000	394.444	0.000
705.302	12.070	0.0000	23.492	394.444	0.000	394.444	0.000
706.302	12.070	0.0000	23.525	394.444	0.000	394.444	0.000
707.301	12.068	0.0000	23.559	394.382	0.000	394.382	0.000
708.299	12.065	0.0000	23.592	394.281	0.000	394.281	0.000
709.299	12.065	0.0000	23.625	394.281	0.000	394.281	0.000
710.298	12.065	0.0000	23.658	394.281	0.000	394.281	0.000
711.298	12.065	0.0000	23.692	394.281	0.000	394.281	0.000
712.296	12.064	0.0000	23.725	394.255	0.000	394.255	0.000
713.293	12.060	0.0000	23.758	394.118	0.000	394.118	0.000
714.294	12.060	0.0000	23.792	394.118	0.000	394.118	0.000
715.291	12.060	0.0000	23.825	394.118	0.000	394.118	0.000
716.293	12.060	0.0000	23.858	394.118	0.000	394.118	0.000
717.292	12.056	0.0000	23.892	393.984	0.000	393.984	0.000
718.288	12.055	0.0000	23.925	393.954	0.000	393.954	0.000
719.29	12.055	0.0000	23.958	393.954	0.000	393.954	0.000
720.288	12.055	0.0000	23.991	393.954	0.000	393.954	0.000
721.287	12.053	0.0000	24.025	393.886	0.000	393.886	0.000
722.286	12.050	0.0000	24.058	393.791	0.000	393.791	0.000
723.284	12.050	0.0000	24.091	393.791	0.000	393.791	0.000
724.284	12.048	0.0000	24.125	393.725	0.000	393.725	0.000
725.282	12.045	0.0000	24.158	393.627	0.000	393.627	0.000
726.283	12.045	0.0000	24.191	393.627	0.000	393.627	0.000
727.28	12.043	0.0000	24.225	393.562	0.000	393.562	0.000
728.281	12.040	0.0000	24.258	393.464	0.000	393.464	0.000
729.278	12.040	0.0000	24.291	393.464	0.000	393.464	0.000
730.278	12.040	0.0000	24.324	393.464	0.000	393.464	0.000
731.277	12.037	0.0000	24.358	393.350	0.000	393.350	0.000
732.275	12.035	0.0000	24.391	393.301	0.000	393.301	0.000
733.276	12.034	0.0000	24.424	393.255	0.000	393.255	0.000
734.274	12.030	0.0000	24.458	393.137	0.000	393.137	0.000
735.271	12.030	0.0000	24.491	393.137	0.000	393.137	0.000
736.27	12.029	0.0000	24.524	393.105	0.000	393.105	0.000
737.272	12.025	0.0000	24.558	392.974	0.000	392.974	0.000
738.271	12.025	0.0000	24.591	392.971	0.000	392.971	0.000
739.268	12.020	0.0000	24.624	392.810	0.000	392.810	0.000
740.268	12.020	0.0000	24.657	392.810	0.000	392.810	0.000
741.268	12.016	0.0000	24.691	392.686	0.000	392.686	0.000
742.265	12.015	0.0000	24.724	392.647	0.000	392.647	0.000
743.265	12.012	0.0000	24.757	392.542	0.000	392.542	0.000
744.264	12.010	0.0000	24.791	392.484	0.000	392.484	0.000
745.262	12.007	0.0000	24.824	392.392	0.000	392.392	0.000
746.26	12.005	0.0000	24.857	392.320	0.000	392.320	0.000
747.261	12.001	0.0000	24.891	392.173	0.000	392.173	0.000
748.259	12.000	0.0000	24.924	392.157	0.000	392.157	0.000
749.258	11.996	0.0000	24.957	392.023	0.000	392.023	0.000
750.257	11.994	0.0000	24.990	391.964	0.000	391.964	0.000
751.257	11.990	0.0000	25.024	391.830	0.000	391.830	0.000
752.256	11.988	0.0000	25.057	391.755	0.000	391.755	0.000
753.253	11.985	0.0000	25.090	391.667	0.000	391.667	0.000
754.254	11.981	0.0000	25.124	391.539	0.000	391.539	0.000
755.253	11.977	0.0000	25.157	391.402	0.000	391.402	0.000
756.253	11.975	0.0000	25.190	391.340	0.000	391.340	0.000
757.251	11.971	0.0000	25.224	391.203	0.000	391.203	0.000
758.251	11.967	0.0000	25.257	391.078	0.000	391.078	0.000
759.25	11.964	0.0000	25.290	390.977	0.000	390.977	0.000
760.248	11.960	0.0000	25.323	390.850	0.000	390.850	0.000
761.247	11.957	0.0000	25.357	390.742	0.000	390.742	0.000
762.246	11.953	0.0000	25.390	390.611	0.000	390.611	0.000
763.245	11.948	0.0000	25.423	390.467	0.000	390.467	0.000
764.244	11.944	0.0000	25.457	390.340	0.000	390.340	0.000
765.242	11.940	0.0000	25.490	390.190	0.000	390.190	0.000
766.243	11.935	0.0000	25.523	390.033	0.000	390.033	0.000
767.242	11.931	0.0000	25.557	389.889	0.000	389.889	0.000
768.24	11.927	0.0000	25.590	389.755	0.000	389.755	0.000
769.24	11.922	0.0000	25.623	389.608	0.000	389.608	0.000
770.238	11.917	0.0000	25.656	389.435	0.000	389.435	0.000
771.237	11.912	0.0000	25.690	389.278	0.000	389.278	0.000
772.236	11.907	0.0000	25.723	389.118	0.000	389.118	0.000
773.235	11.901	0.0000	25.756	388.928	0.000	388.928	0.000
774.234	11.896	0.0000	25.790	388.768	0.000	388.768	0.000
775.233	11.891	0.0000	25.823	388.591	0.000	388.591	0.000
776.233	11.885	0.0000	25.856	388.395	0.000	388.395	0.000
777.232	11.879	0.0000	25.890	388.206	0.000	388.206	0.000
778.228	11.873	0.0000	25.923	388.016	0.000	388.016	0.000
779.229	11.868	0.0000	25.956	387.827	0.000	387.827	0.000
780.228	11.862	0.0000	25.989	387.631	0.000	387.631	0.000
781.227	11.855	0.0000	26.023	387.405	0.000	387.405	0.000
782.226	11.848	0.0000	26.056	387.186	0.000	387.186	0.000
783.225	11.842	0.0000	26.089	386.977	0.000	386.977	0.000
784.224	11.833	0.0000	26.123	386.699	0.000	386.699	0.000
785.224	11.827	0.0000	26.156	386.493	0.000	386.493	0.000
786.221	11.820	0.0000	26.189	386.258	0.000	386.258	0.000
787.221	11.812	0.0000	26.223	386.020	0.000	386.020	0.000
788.219	11.805	0.0000	26.256	385.775	0.000	385.775	0.000
789.22	11.797	0.0000	26.289	385.526	0.000	385.526	0.000
790.218	11.788	0.0000	26.322	385.232	0.000	385.232	0.000
791.217	11.781	0.0000	26.356	384.997	0.000	384.997	0.000
792.216	11.773	0.0000	26.389	384.732	0.000	384.732	0.000
793.216	11.764	0.0000	26.422	384.435	0.000	384.435	0.000
794.215	11.754	0.0000	26.456	384.131	0.000	384.131	0.000
795.212	11.747	0.0000	26.489	383.895	0.000	383.895	0.000
796.212	11.738	0.0000	26.522	383.591	0.000	383.591	0.000
797.212	11.728	0.0000	26.556	383.281	0.000	383.281	0.000
798.211	11.719	0.0000	26.589	382.977	0.000	382.977	0.000
799.209	11.710	0.0000	26.622	382.683	0.000	382.683	0.000
800.209	11.700	0.0000	26.655	382.346	0.000	382.346	0.000
801.208	11.690	0.0000	26.689	382.016	0.000	382.016	0.000
802.206	11.680	0.0000	26.722	381.690	0.000	381.690	0.000
803.204	11.669	0.0000	26.755	381.333	0.000	381.333	0.000
804.203	11.658	0.0000	26.789	380.990	0.000	380.990	0.000
805.205	11.647	0.0000	26.822	380.627	0.000	380.627	0.000
806.204	11.636	0.0000	26.855	380.265	0.000	380.265	0.000
807.201	11.625	0.0000	26.889	379.908	0.000	379.908	0.000
808.2	11.614	0.0000	26.922	379.546	0.000	379.546	0.000
809.199	11.602	0.0000	26.955	379.144	0.000	379.144	0.000
810.198	11.590	0.0000	26.988	378.752	0.000	378.752	0.000
811.198	11.577	0.0000	27.022	378.343	0.000	378.343	0.000
812.197	11.565	0.0000	27.055	377.938	0.000	377.938	0.000
813.197	11.552	0.0000	27.088	377.516	0.000	377.516	0.000
814.195	11.539	0.0000	27.122	377.075	0.000	377.075	0.000
815.195	11.524	0.0000	27.155	376.614	0.000	376.614	0.000
816.192	11.510	0.0000	27.188	376.144	0.000	376.144	0.000
817.192	11.495	0.0000	27.222	375.663	0.000	375.663	0.000
818.191	11.480	0.0000	27.255	375.176	0.000	375.176	0.000
819.188	11.465	0.0000	27.288	374.663	0.000	374.663	0.000
820.19	11.449	0.0000	27.321	374.154	0.000	374.154	0.000
821.188	11.433	0.0000	27.355	373.618	0.000	373.618	0.000
822.187	11.416	0.0000	27.388	373.069	0.000	373.069	0.000
823.186	11.398	0.0000	27.421	372.480	0.000	372.480	0.000
824.185	11.379	0.0000	27.455	371.876	0.000	371.876	0.000
825.183	11.361	0.0000	27.488	371.258	0.000	371.258	0.000
826.184	11.341	0.0000	27.521	370.605	0.000	370.605	0.000
827.181	11.320	0.0000	27.555	369.935	0.000	369.935	0.000
828.18	11.298	0.0000	27.588	369.229	0.000	369.229	0.000
829.181	11.276	0.0000	27.621	368.484	0.000	368.484	0.000
830.179	11.252	0.0000	27.654	367.696	0.000	367.696	0.000
831.178	11.226	0.0000	27.688	366.859	0.000	366.859	0.000
832.175	11.198	0.0000	27.721	365.948	0.000	365.948	0.000
833.175	11.170	0.0000	27.754	365.023	0.000	365.023	0.000
834.175	11.139	0.0000	27.788	364.026	0.000	364.026	0.000
835.175	11.106	0.0000	27.821	362.931	0.000	362.931	0.000
836.174	11.070	0.0000	27.854	361.761	0.000	361.761	0.000
837.171	11.030	0.0000	27.888	360.451	0.000	360.451	0.000
838.17	10.986	0.0000	27.921	359.029	0.000	359.029	0.000
839.169	10.938	0.0000	27.954	357.464	0.000	357.464	0.000
840.169	10.885	0.0000	27.987	355.716	0.000	355.716	0.000
841.168	10.826	0.0000	28.021	353.797	0.000	353.797	0.000
842.167	10.762	0.0000	28.054	351.709	0.000	351.709	0.000
843.166	10.691	0.0000	28.087	349.366	0.000	349.366	0.000
844.165	10.611	0.0000	28.121	346.758	0.000	346.758	0.000
845.165	10.523	0.0000	28.154	343.879	0.000	343.879	0.000
846.164	10.424	0.0000	28.187	340.647	0.000	340.647	0.000
847.162	10.314	0.0000	28.221	337.042	0.000	337.042	0.000
848.16	10.189	0.0000	28.254	332.961	0.000	332.961	0.000
849.16	10.046	0.0000	28.287	328.294	0.000	328.294	0.000
850.159	9.882	0.0000	28.320	322.935	0.000	322.935	0.000
851.157	9.690	0.0000	28.354	316.667	0.000	316.667	0.000
852.156	6.712	0.0000	28.387	219.356	0.000	219.356	0.000
