Customer	SGCC_1.5
TestDate	4/4/2026
Coil No/Packet No	90-01
Type	Flat
Size(mm)	20*1.53
So(mm^2)	30.60
Lo(mm)	85
Lu(mm)	
A(%)	/
Su(mm^2)	/
Z(%)	/
Fm(kgf)	1406.4
Rm(MPa)	419
FeH(kgf)	/
ReH(MPa)	/
FeL(kgf)	/
ReL(MPa)	/
Fp(kgf)	1.536
Rp(MPa)	0
Ft(kgf)	/
Rt(MPa)	/
E(GPa)	/


-----------Curve----------
Time	Load	Elong	Disp	Stress	Strain	TrueStress	TrueStrain
0	0.014	0.0000	0.002	0.448	0.000	0.448	0.000
0.999	0.306	0.0000	0.018	9.990	0.000	9.990	0.000
1.998	0.817	0.0000	0.048	26.683	0.000	26.683	0.000
2.997	1.300	0.0000	0.082	42.487	0.000	42.487	0.000
3.995	1.808	0.0000	0.115	59.088	0.000	59.088	0.000
4.995	2.355	0.0000	0.148	76.954	0.000	76.954	0.000
5.994	2.889	0.0000	0.182	94.408	0.000	94.408	0.000
6.993	3.402	0.0000	0.215	111.176	0.000	111.176	0.000
7.991	3.887	0.0000	0.248	127.020	0.000	127.020	0.000
8.991	4.358	0.0000	0.281	142.425	0.000	142.425	0.000
9.99	4.813	0.0000	0.315	157.281	0.000	157.281	0.000
10.99	5.223	0.0000	0.348	170.699	0.000	170.699	0.000
11.989	5.555	0.0000	0.381	181.533	0.000	181.533	0.000
12.987	5.879	0.0000	0.415	192.131	0.000	192.131	0.000
13.984	6.198	0.0000	0.448	202.556	0.000	202.556	0.000
14.984	6.516	0.0000	0.481	212.944	0.000	212.944	0.000
15.985	6.829	0.0000	0.515	223.157	0.000	223.157	0.000
16.984	7.131	0.0000	0.548	233.023	0.000	233.023	0.000
17.981	7.434	0.0000	0.581	242.941	0.000	242.941	0.000
18.981	7.738	0.0000	0.615	252.889	0.000	252.889	0.000
19.98	8.042	0.0000	0.648	262.814	0.000	262.814	0.000
20.98	8.350	0.0000	0.681	272.866	0.000	272.866	0.000
21.978	8.661	0.0000	0.714	283.039	0.000	283.039	0.000
22.977	8.973	0.0000	0.748	293.242	0.000	293.242	0.000
23.976	9.288	0.0000	0.781	303.529	0.000	303.529	0.000
24.974	9.604	0.0000	0.814	313.866	0.000	313.866	0.000
25.974	9.922	0.0000	0.848	324.252	0.000	324.252	0.000
26.974	10.239	0.0000	0.881	334.595	0.000	334.595	0.000
27.973	10.551	0.0000	0.914	344.807	0.000	344.807	0.000
28.971	10.807	0.0000	0.948	353.163	0.000	353.163	0.000
29.969	11.031	0.0000	0.981	360.480	0.000	360.480	0.000
30.968	11.258	0.0000	1.014	367.922	0.000	367.922	0.000
31.969	11.462	0.0000	1.047	374.565	0.000	374.565	0.000
32.967	11.641	0.0000	1.081	380.438	0.000	380.438	0.000
33.966	11.779	0.0000	1.114	384.938	0.000	384.938	0.000
34.965	11.853	0.0000	1.147	387.343	0.000	387.343	0.000
35.964	11.861	0.0000	1.181	387.611	0.000	387.611	0.000
36.962	11.831	0.0000	1.214	386.647	0.000	386.647	0.000
37.963	11.779	0.0000	1.247	384.935	0.000	384.935	0.000
38.96	11.711	0.0000	1.281	382.725	0.000	382.725	0.000
39.961	11.692	0.0000	1.314	382.105	0.000	382.105	0.000
40.959	11.676	0.0000	1.347	381.575	0.000	381.575	0.000
41.959	11.587	0.0000	1.380	378.673	0.000	378.673	0.000
42.957	11.269	0.0000	1.414	368.278	0.000	368.278	0.000
43.957	11.029	0.0000	1.447	360.415	0.000	360.415	0.000
44.955	11.020	0.0000	1.480	360.131	0.000	360.131	0.000
45.955	11.020	0.0000	1.514	360.131	0.000	360.131	0.000
46.954	11.017	0.0000	1.547	360.042	0.000	360.042	0.000
47.951	11.026	0.0000	1.580	360.324	0.000	360.324	0.000
48.95	11.004	0.0000	1.614	359.605	0.000	359.605	0.000
49.949	10.992	0.0000	1.647	359.225	0.000	359.225	0.000
50.95	11.003	0.0000	1.680	359.569	0.000	359.569	0.000
51.947	11.016	0.0000	1.713	360.003	0.000	360.003	0.000
52.947	11.033	0.0000	1.747	360.549	0.000	360.549	0.000
53.948	11.052	0.0000	1.780	361.180	0.000	361.180	0.000
54.946	11.072	0.0000	1.813	361.817	0.000	361.817	0.000
55.945	11.083	0.0000	1.847	362.193	0.000	362.193	0.000
56.943	11.079	0.0000	1.880	362.052	0.000	362.052	0.000
57.943	11.065	0.0000	1.913	361.601	0.000	361.601	0.000
58.941	11.065	0.0000	1.947	361.601	0.000	361.601	0.000
59.94	11.065	0.0000	1.980	361.601	0.000	361.601	0.000
60.938	11.047	0.0000	2.013	361.010	0.000	361.010	0.000
61.937	11.036	0.0000	2.046	360.667	0.000	360.667	0.000
62.936	10.964	0.0000	2.080	358.291	0.000	358.291	0.000
63.937	10.906	0.0000	2.113	356.408	0.000	356.408	0.000
64.934	10.910	0.0000	2.146	356.536	0.000	356.536	0.000
65.934	10.934	0.0000	2.180	357.324	0.000	357.324	0.000
66.934	10.956	0.0000	2.213	358.049	0.000	358.049	0.000
67.932	10.969	0.0000	2.246	358.464	0.000	358.464	0.000
68.931	10.930	0.0000	2.280	357.176	0.000	357.176	0.000
69.931	10.905	0.0000	2.313	356.363	0.000	356.363	0.000
70.93	10.918	0.0000	2.346	356.784	0.000	356.784	0.000
71.927	10.929	0.0000	2.379	357.160	0.000	357.160	0.000
72.927	10.930	0.0000	2.413	357.173	0.000	357.173	0.000
73.927	10.935	0.0000	2.446	357.353	0.000	357.353	0.000
74.924	10.940	0.0000	2.479	357.529	0.000	357.529	0.000
75.923	10.926	0.0000	2.513	357.042	0.000	357.042	0.000
76.923	10.933	0.0000	2.546	357.291	0.000	357.291	0.000
77.921	10.929	0.0000	2.579	357.141	0.000	357.141	0.000
78.92	10.924	0.0000	2.613	357.007	0.000	357.007	0.000
79.92	10.949	0.0000	2.646	357.804	0.000	357.804	0.000
80.918	10.977	0.0000	2.679	358.739	0.000	358.739	0.000
81.919	10.999	0.0000	2.712	359.441	0.000	359.441	0.000
82.917	11.013	0.0000	2.746	359.902	0.000	359.902	0.000
83.916	11.019	0.0000	2.779	360.101	0.000	360.101	0.000
84.916	11.020	0.0000	2.812	360.131	0.000	360.131	0.000
85.914	11.024	0.0000	2.846	360.258	0.000	360.258	0.000
86.913	11.019	0.0000	2.879	360.091	0.000	360.091	0.000
87.914	11.015	0.0000	2.912	359.967	0.000	359.967	0.000
88.913	10.998	0.0000	2.946	359.395	0.000	359.395	0.000
89.911	10.993	0.0000	2.979	359.252	0.000	359.252	0.000
90.909	10.981	0.0000	3.012	358.843	0.000	358.843	0.000
91.909	10.989	0.0000	3.045	359.121	0.000	359.121	0.000
92.907	10.997	0.0000	3.079	359.392	0.000	359.392	0.000
93.908	11.002	0.0000	3.112	359.552	0.000	359.552	0.000
94.907	10.992	0.0000	3.145	359.229	0.000	359.229	0.000
95.904	10.895	0.0000	3.179	356.033	0.000	356.033	0.000
96.905	10.841	0.0000	3.212	354.278	0.000	354.278	0.000
97.902	10.845	0.0000	3.245	354.425	0.000	354.425	0.000
98.901	10.866	0.0000	3.279	355.105	0.000	355.105	0.000
99.9	10.906	0.0000	3.312	356.399	0.000	356.399	0.000
100.901	10.946	0.0000	3.345	357.722	0.000	357.722	0.000
101.899	10.965	0.0000	3.378	358.327	0.000	358.327	0.000
102.899	10.974	0.0000	3.412	358.624	0.000	358.624	0.000
103.896	10.964	0.0000	3.445	358.297	0.000	358.297	0.000
104.895	10.952	0.0000	3.478	357.915	0.000	357.915	0.000
105.894	10.954	0.0000	3.512	357.987	0.000	357.987	0.000
106.894	10.967	0.0000	3.545	358.402	0.000	358.402	0.000
107.893	10.983	0.0000	3.578	358.922	0.000	358.922	0.000
108.891	11.000	0.0000	3.612	359.467	0.000	359.467	0.000
109.889	11.014	0.0000	3.645	359.948	0.000	359.948	0.000
110.891	11.029	0.0000	3.678	360.408	0.000	360.408	0.000
111.888	11.021	0.0000	3.711	360.173	0.000	360.173	0.000
112.888	11.017	0.0000	3.745	360.033	0.000	360.033	0.000
113.886	11.015	0.0000	3.778	359.967	0.000	359.967	0.000
114.886	11.022	0.0000	3.811	360.183	0.000	360.183	0.000
115.885	11.028	0.0000	3.845	360.399	0.000	360.399	0.000
116.884	11.041	0.0000	3.878	360.804	0.000	360.804	0.000
117.881	11.022	0.0000	3.911	360.206	0.000	360.206	0.000
118.883	11.026	0.0000	3.945	360.333	0.000	360.333	0.000
119.88	11.038	0.0000	3.978	360.722	0.000	360.722	0.000
120.878	11.050	0.0000	4.011	361.124	0.000	361.124	0.000
121.88	11.054	0.0000	4.044	361.245	0.000	361.245	0.000
122.879	11.044	0.0000	4.078	360.902	0.000	360.902	0.000
123.877	11.047	0.0000	4.111	360.997	0.000	360.997	0.000
124.876	11.050	0.0000	4.144	361.111	0.000	361.111	0.000
125.874	11.045	0.0000	4.178	360.944	0.000	360.944	0.000
126.874	11.044	0.0000	4.211	360.915	0.000	360.915	0.000
127.871	11.047	0.0000	4.244	361.020	0.000	361.020	0.000
128.872	11.050	0.0000	4.278	361.111	0.000	361.111	0.000
129.869	11.048	0.0000	4.311	361.029	0.000	361.029	0.000
130.869	11.043	0.0000	4.344	360.876	0.000	360.876	0.000
131.869	11.037	0.0000	4.377	360.696	0.000	360.696	0.000
132.867	11.041	0.0000	4.411	360.817	0.000	360.817	0.000
133.868	11.047	0.0000	4.444	361.016	0.000	361.016	0.000
134.867	11.051	0.0000	4.477	361.131	0.000	361.131	0.000
135.866	11.054	0.0000	4.511	361.235	0.000	361.235	0.000
136.863	11.055	0.0000	4.544	361.275	0.000	361.275	0.000
137.863	11.055	0.0000	4.577	361.275	0.000	361.275	0.000
138.861	11.055	0.0000	4.611	361.275	0.000	361.275	0.000
139.862	11.055	0.0000	4.644	361.275	0.000	361.275	0.000
140.859	11.055	0.0000	4.677	361.275	0.000	361.275	0.000
141.859	11.053	0.0000	4.710	361.193	0.000	361.193	0.000
142.859	11.052	0.0000	4.744	361.167	0.000	361.167	0.000
143.858	11.051	0.0000	4.777	361.127	0.000	361.127	0.000
144.857	11.048	0.0000	4.810	361.052	0.000	361.052	0.000
145.856	11.042	0.0000	4.844	360.840	0.000	360.840	0.000
146.854	11.039	0.0000	4.877	360.748	0.000	360.748	0.000
147.854	11.038	0.0000	4.910	360.706	0.000	360.706	0.000
148.853	11.040	0.0000	4.944	360.784	0.000	360.784	0.000
149.852	11.037	0.0000	4.977	360.683	0.000	360.683	0.000
150.85	11.030	0.0000	5.010	360.471	0.000	360.471	0.000
151.848	11.027	0.0000	5.043	360.350	0.000	360.350	0.000
152.849	11.023	0.0000	5.077	360.239	0.000	360.239	0.000
153.847	11.020	0.0000	5.110	360.131	0.000	360.131	0.000
154.847	11.022	0.0000	5.143	360.183	0.000	360.183	0.000
155.844	11.028	0.0000	5.177	360.389	0.000	360.389	0.000
156.843	11.033	0.0000	5.210	360.539	0.000	360.539	0.000
157.843	11.035	0.0000	5.243	360.621	0.000	360.621	0.000
158.841	11.029	0.0000	5.277	360.438	0.000	360.438	0.000
159.842	11.025	0.0000	5.310	360.294	0.000	360.294	0.000
160.841	11.021	0.0000	5.343	360.147	0.000	360.147	0.000
161.839	11.015	0.0000	5.376	359.971	0.000	359.971	0.000
162.839	11.015	0.0000	5.410	359.967	0.000	359.967	0.000
163.836	11.011	0.0000	5.443	359.837	0.000	359.837	0.000
164.837	11.009	0.0000	5.476	359.768	0.000	359.768	0.000
165.836	11.004	0.0000	5.510	359.598	0.000	359.598	0.000
166.834	11.000	0.0000	5.543	359.477	0.000	359.477	0.000
167.834	10.998	0.0000	5.576	359.405	0.000	359.405	0.000
168.833	10.995	0.0000	5.610	359.314	0.000	359.314	0.000
169.832	10.992	0.0000	5.643	359.199	0.000	359.199	0.000
170.83	10.986	0.0000	5.676	359.020	0.000	359.020	0.000
171.83	10.983	0.0000	5.709	358.935	0.000	358.935	0.000
172.83	10.980	0.0000	5.743	358.824	0.000	358.824	0.000
173.827	10.976	0.0000	5.776	358.696	0.000	358.696	0.000
174.827	10.970	0.0000	5.809	358.497	0.000	358.497	0.000
175.826	10.966	0.0000	5.843	358.373	0.000	358.373	0.000
176.824	10.959	0.0000	5.876	358.137	0.000	358.137	0.000
177.824	10.954	0.0000	5.909	357.974	0.000	357.974	0.000
178.823	10.949	0.0000	5.943	357.820	0.000	357.820	0.000
179.823	10.945	0.0000	5.976	357.680	0.000	357.680	0.000
180.821	10.945	0.0000	6.009	357.680	0.000	357.680	0.000
181.82	10.941	0.0000	6.043	357.546	0.000	357.546	0.000
182.818	10.937	0.0000	6.076	357.412	0.000	357.412	0.000
183.817	10.931	0.0000	6.109	357.225	0.000	357.225	0.000
184.817	10.930	0.0000	6.142	357.190	0.000	357.190	0.000
185.817	10.930	0.0000	6.176	357.190	0.000	357.190	0.000
186.814	10.925	0.0000	6.209	357.023	0.000	357.023	0.000
187.812	10.916	0.0000	6.242	356.745	0.000	356.745	0.000
188.814	10.910	0.0000	6.276	356.546	0.000	356.546	0.000
189.812	10.906	0.0000	6.309	356.415	0.000	356.415	0.000
190.809	10.900	0.0000	6.342	356.209	0.000	356.209	0.000
191.809	10.894	0.0000	6.376	356.023	0.000	356.023	0.000
192.809	10.890	0.0000	6.409	355.876	0.000	355.876	0.000
193.809	10.885	0.0000	6.442	355.719	0.000	355.719	0.000
194.808	10.880	0.0000	6.475	355.539	0.000	355.539	0.000
195.806	10.873	0.0000	6.509	355.310	0.000	355.310	0.000
196.805	10.866	0.0000	6.542	355.111	0.000	355.111	0.000
197.804	10.863	0.0000	6.575	355.013	0.000	355.013	0.000
198.803	10.858	0.0000	6.609	354.830	0.000	354.830	0.000
199.803	10.855	0.0000	6.642	354.729	0.000	354.729	0.000
200.801	10.844	0.0000	6.675	354.392	0.000	354.392	0.000
201.801	10.830	0.0000	6.709	353.928	0.000	353.928	0.000
202.799	10.945	0.0000	6.742	357.680	0.000	357.680	0.000
203.798	11.020	0.0000	6.775	360.124	0.000	360.124	0.000
204.796	11.058	0.0000	6.808	361.356	0.000	361.356	0.000
205.796	11.093	0.0000	6.842	362.526	0.000	362.526	0.000
206.794	11.129	0.0000	6.875	363.706	0.000	363.706	0.000
207.794	11.164	0.0000	6.908	364.843	0.000	364.843	0.000
208.794	11.197	0.0000	6.942	365.902	0.000	365.902	0.000
209.791	11.228	0.0000	6.975	366.935	0.000	366.935	0.000
210.792	11.258	0.0000	7.008	367.902	0.000	367.902	0.000
211.789	11.285	0.0000	7.042	368.791	0.000	368.791	0.000
212.788	11.310	0.0000	7.075	369.608	0.000	369.608	0.000
213.787	11.334	0.0000	7.108	370.386	0.000	370.386	0.000
214.788	11.355	0.0000	7.141	371.078	0.000	371.078	0.000
215.787	11.375	0.0000	7.175	371.732	0.000	371.732	0.000
216.784	11.394	0.0000	7.208	372.350	0.000	372.350	0.000
217.784	11.411	0.0000	7.241	372.908	0.000	372.908	0.000
218.783	11.426	0.0000	7.275	373.408	0.000	373.408	0.000
219.782	11.441	0.0000	7.308	373.892	0.000	373.892	0.000
220.781	11.455	0.0000	7.341	374.340	0.000	374.340	0.000
221.78	11.466	0.0000	7.375	374.712	0.000	374.712	0.000
222.779	11.478	0.0000	7.408	375.085	0.000	375.085	0.000
223.777	11.489	0.0000	7.441	375.454	0.000	375.454	0.000
224.778	11.499	0.0000	7.474	375.791	0.000	375.791	0.000
225.775	11.509	0.0000	7.508	376.105	0.000	376.105	0.000
226.776	11.519	0.0000	7.541	376.428	0.000	376.428	0.000
227.774	11.529	0.0000	7.574	376.758	0.000	376.758	0.000
228.774	11.538	0.0000	7.608	377.052	0.000	377.052	0.000
229.77	11.547	0.0000	7.641	377.346	0.000	377.346	0.000
230.771	11.555	0.0000	7.674	377.614	0.000	377.614	0.000
231.771	11.564	0.0000	7.708	377.899	0.000	377.899	0.000
232.768	11.573	0.0000	7.741	378.190	0.000	378.190	0.000
233.768	11.582	0.0000	7.774	378.480	0.000	378.480	0.000
234.768	11.590	0.0000	7.807	378.755	0.000	378.755	0.000
235.767	11.598	0.0000	7.841	379.023	0.000	379.023	0.000
236.765	11.607	0.0000	7.874	379.317	0.000	379.317	0.000
237.765	11.615	0.0000	7.907	379.578	0.000	379.578	0.000
238.763	11.623	0.0000	7.941	379.830	0.000	379.830	0.000
239.762	11.631	0.0000	7.974	380.108	0.000	380.108	0.000
240.76	11.639	0.0000	8.007	380.366	0.000	380.366	0.000
241.76	11.647	0.0000	8.041	380.634	0.000	380.634	0.000
242.76	11.655	0.0000	8.074	380.889	0.000	380.889	0.000
243.759	11.663	0.0000	8.107	381.137	0.000	381.137	0.000
244.757	11.671	0.0000	8.140	381.418	0.000	381.418	0.000
245.756	11.679	0.0000	8.174	381.667	0.000	381.667	0.000
246.756	11.687	0.0000	8.207	381.931	0.000	381.931	0.000
247.754	11.694	0.0000	8.240	382.157	0.000	382.157	0.000
248.753	11.702	0.0000	8.274	382.412	0.000	382.412	0.000
249.752	11.709	0.0000	8.307	382.631	0.000	382.631	0.000
250.751	11.716	0.0000	8.340	382.859	0.000	382.859	0.000
251.752	11.723	0.0000	8.374	383.091	0.000	383.091	0.000
252.75	11.730	0.0000	8.407	383.317	0.000	383.317	0.000
253.747	11.737	0.0000	8.440	383.575	0.000	383.575	0.000
254.749	11.744	0.0000	8.473	383.791	0.000	383.791	0.000
255.747	11.750	0.0000	8.507	384.000	0.000	384.000	0.000
256.745	11.757	0.0000	8.540	384.225	0.000	384.225	0.000
257.744	11.765	0.0000	8.573	384.474	0.000	384.474	0.000
258.744	11.771	0.0000	8.607	384.676	0.000	384.676	0.000
259.742	11.777	0.0000	8.640	384.876	0.000	384.876	0.000
260.742	11.784	0.0000	8.673	385.085	0.000	385.085	0.000
261.742	11.791	0.0000	8.707	385.327	0.000	385.327	0.000
262.739	11.797	0.0000	8.740	385.510	0.000	385.510	0.000
263.738	11.803	0.0000	8.773	385.729	0.000	385.729	0.000
264.737	11.809	0.0000	8.806	385.918	0.000	385.918	0.000
265.737	11.817	0.0000	8.840	386.163	0.000	386.163	0.000
266.737	11.823	0.0000	8.873	386.366	0.000	386.366	0.000
267.734	11.829	0.0000	8.906	386.552	0.000	386.552	0.000
268.735	11.835	0.0000	8.940	386.761	0.000	386.761	0.000
269.731	11.841	0.0000	8.973	386.964	0.000	386.964	0.000
270.733	11.847	0.0000	9.006	387.170	0.000	387.170	0.000
271.731	11.853	0.0000	9.040	387.350	0.000	387.350	0.000
272.729	11.859	0.0000	9.073	387.533	0.000	387.533	0.000
273.729	11.865	0.0000	9.106	387.748	0.000	387.748	0.000
274.727	11.871	0.0000	9.139	387.954	0.000	387.954	0.000
275.727	11.877	0.0000	9.173	388.134	0.000	388.134	0.000
276.727	11.883	0.0000	9.206	388.333	0.000	388.333	0.000
277.724	11.888	0.0000	9.239	388.507	0.000	388.507	0.000
278.723	11.894	0.0000	9.273	388.699	0.000	388.699	0.000
279.723	11.900	0.0000	9.306	388.895	0.000	388.895	0.000
280.721	11.906	0.0000	9.339	389.091	0.000	389.091	0.000
281.72	11.911	0.0000	9.373	389.258	0.000	389.258	0.000
282.718	11.917	0.0000	9.406	389.451	0.000	389.451	0.000
283.719	11.924	0.0000	9.439	389.657	0.000	389.657	0.000
284.718	11.929	0.0000	9.472	389.850	0.000	389.850	0.000
285.718	11.934	0.0000	9.506	390.013	0.000	390.013	0.000
286.717	11.940	0.0000	9.539	390.196	0.000	390.196	0.000
287.716	11.946	0.0000	9.572	390.402	0.000	390.402	0.000
288.715	11.952	0.0000	9.606	390.582	0.000	390.582	0.000
289.713	11.957	0.0000	9.639	390.755	0.000	390.755	0.000
290.713	11.962	0.0000	9.672	390.928	0.000	390.928	0.000
291.711	11.968	0.0000	9.706	391.098	0.000	391.098	0.000
292.711	11.973	0.0000	9.739	391.278	0.000	391.278	0.000
293.71	11.979	0.0000	9.772	391.480	0.000	391.480	0.000
294.707	11.984	0.0000	9.805	391.634	0.000	391.634	0.000
295.706	11.990	0.0000	9.839	391.820	0.000	391.820	0.000
296.707	11.996	0.0000	9.872	392.036	0.000	392.036	0.000
297.705	12.001	0.0000	9.905	392.193	0.000	392.193	0.000
298.705	12.007	0.0000	9.939	392.373	0.000	392.373	0.000
299.702	12.012	0.0000	9.972	392.542	0.000	392.542	0.000
300.702	12.018	0.0000	10.005	392.729	0.000	392.729	0.000
301.7	12.023	0.0000	10.039	392.895	0.000	392.895	0.000
302.7	12.028	0.0000	10.072	393.059	0.000	393.059	0.000
303.699	12.033	0.0000	10.105	393.222	0.000	393.222	0.000
304.698	12.038	0.0000	10.138	393.408	0.000	393.408	0.000
305.697	12.044	0.0000	10.172	393.601	0.000	393.601	0.000
306.696	12.050	0.0000	10.205	393.778	0.000	393.778	0.000
307.696	12.054	0.0000	10.238	393.922	0.000	393.922	0.000
308.694	12.059	0.0000	10.272	394.088	0.000	394.088	0.000
309.693	12.065	0.0000	10.305	394.265	0.000	394.265	0.000
310.692	12.069	0.0000	10.338	394.412	0.000	394.412	0.000
311.691	12.074	0.0000	10.372	394.562	0.000	394.562	0.000
312.69	12.078	0.0000	10.405	394.719	0.000	394.719	0.000
313.69	12.084	0.0000	10.438	394.892	0.000	394.892	0.000
314.686	12.089	0.0000	10.471	395.059	0.000	395.059	0.000
315.687	12.094	0.0000	10.505	395.216	0.000	395.216	0.000
316.686	12.098	0.0000	10.538	395.369	0.000	395.369	0.000
317.685	12.103	0.0000	10.571	395.536	0.000	395.536	0.000
318.684	12.107	0.0000	10.605	395.650	0.000	395.650	0.000
319.684	12.112	0.0000	10.638	395.814	0.000	395.814	0.000
320.682	12.117	0.0000	10.671	395.990	0.000	395.990	0.000
321.681	12.122	0.0000	10.705	396.157	0.000	396.157	0.000
322.681	12.128	0.0000	10.738	396.324	0.000	396.324	0.000
323.678	12.132	0.0000	10.771	396.471	0.000	396.471	0.000
324.677	12.136	0.0000	10.804	396.595	0.000	396.595	0.000
325.678	12.141	0.0000	10.838	396.761	0.000	396.761	0.000
326.676	12.146	0.0000	10.871	396.925	0.000	396.925	0.000
327.673	12.150	0.0000	10.904	397.059	0.000	397.059	0.000
328.675	12.155	0.0000	10.938	397.212	0.000	397.212	0.000
329.673	12.159	0.0000	10.971	397.363	0.000	397.363	0.000
330.672	12.165	0.0000	11.004	397.539	0.000	397.539	0.000
331.672	12.169	0.0000	11.038	397.676	0.000	397.676	0.000
332.67	12.173	0.0000	11.071	397.801	0.000	397.801	0.000
333.669	12.177	0.0000	11.104	397.935	0.000	397.935	0.000
334.669	12.182	0.0000	11.137	398.105	0.000	398.105	0.000
335.668	12.185	0.0000	11.171	398.216	0.000	398.216	0.000
336.668	12.190	0.0000	11.204	398.366	0.000	398.366	0.000
337.663	12.195	0.0000	11.237	398.523	0.000	398.523	0.000
338.663	12.198	0.0000	11.271	398.637	0.000	398.637	0.000
339.663	12.202	0.0000	11.304	398.761	0.000	398.761	0.000
340.662	12.207	0.0000	11.337	398.928	0.000	398.928	0.000
341.662	12.211	0.0000	11.371	399.039	0.000	399.039	0.000
342.66	12.215	0.0000	11.404	399.183	0.000	399.183	0.000
343.66	12.220	0.0000	11.437	399.337	0.000	399.337	0.000
344.658	12.224	0.0000	11.470	399.487	0.000	399.487	0.000
345.658	12.229	0.0000	11.504	399.624	0.000	399.624	0.000
346.657	12.233	0.0000	11.537	399.758	0.000	399.758	0.000
347.656	12.237	0.0000	11.570	399.892	0.000	399.892	0.000
348.655	12.240	0.0000	11.604	400.013	0.000	400.013	0.000
349.654	12.245	0.0000	11.637	400.163	0.000	400.163	0.000
350.653	12.249	0.0000	11.670	400.301	0.000	400.301	0.000
351.652	12.253	0.0000	11.704	400.428	0.000	400.428	0.000
352.65	12.257	0.0000	11.737	400.552	0.000	400.552	0.000
353.649	12.260	0.0000	11.770	400.654	0.000	400.654	0.000
354.648	12.265	0.0000	11.803	400.814	0.000	400.814	0.000
355.649	12.269	0.0000	11.837	400.948	0.000	400.948	0.000
356.646	12.273	0.0000	11.870	401.069	0.000	401.069	0.000
357.645	12.276	0.0000	11.903	401.176	0.000	401.176	0.000
358.643	12.280	0.0000	11.937	401.307	0.000	401.307	0.000
359.643	12.284	0.0000	11.970	401.438	0.000	401.438	0.000
360.642	12.288	0.0000	12.003	401.565	0.000	401.565	0.000
361.642	12.292	0.0000	12.037	401.683	0.000	401.683	0.000
362.641	12.295	0.0000	12.070	401.797	0.000	401.797	0.000
363.639	12.300	0.0000	12.103	401.951	0.000	401.951	0.000
364.638	12.303	0.0000	12.136	402.069	0.000	402.069	0.000
365.638	12.308	0.0000	12.170	402.222	0.000	402.222	0.000
366.636	12.312	0.0000	12.203	402.350	0.000	402.350	0.000
367.637	12.315	0.0000	12.236	402.451	0.000	402.451	0.000
368.635	12.319	0.0000	12.270	402.578	0.000	402.578	0.000
369.634	12.323	0.0000	12.303	402.699	0.000	402.699	0.000
370.634	12.325	0.0000	12.336	402.778	0.000	402.778	0.000
371.632	12.330	0.0000	12.370	402.938	0.000	402.938	0.000
372.632	12.333	0.0000	12.403	403.046	0.000	403.046	0.000
373.631	12.337	0.0000	12.436	403.157	0.000	403.157	0.000
374.63	12.340	0.0000	12.469	403.268	0.000	403.268	0.000
375.629	12.344	0.0000	12.503	403.405	0.000	403.405	0.000
376.627	12.347	0.0000	12.536	403.500	0.000	403.500	0.000
377.627	12.350	0.0000	12.569	403.595	0.000	403.595	0.000
378.626	12.355	0.0000	12.603	403.748	0.000	403.748	0.000
379.624	12.357	0.0000	12.636	403.817	0.000	403.817	0.000
380.623	12.361	0.0000	12.669	403.944	0.000	403.944	0.000
381.622	12.365	0.0000	12.703	404.085	0.000	404.085	0.000
382.622	12.369	0.0000	12.736	404.225	0.000	404.225	0.000
383.62	12.370	0.0000	12.769	404.248	0.000	404.248	0.000
384.62	12.375	0.0000	12.802	404.399	0.000	404.399	0.000
385.618	12.379	0.0000	12.836	404.536	0.000	404.536	0.000
386.617	12.381	0.0000	12.869	404.605	0.000	404.605	0.000
387.616	12.385	0.0000	12.902	404.739	0.000	404.739	0.000
388.615	12.389	0.0000	12.936	404.866	0.000	404.866	0.000
389.614	12.392	0.0000	12.969	404.958	0.000	404.958	0.000
390.613	12.395	0.0000	13.002	405.065	0.000	405.065	0.000
391.611	12.399	0.0000	13.036	405.196	0.000	405.196	0.000
392.611	12.401	0.0000	13.069	405.261	0.000	405.261	0.000
393.609	12.405	0.0000	13.102	405.392	0.000	405.392	0.000
394.61	12.409	0.0000	13.135	405.513	0.000	405.513	0.000
395.608	12.412	0.0000	13.169	405.624	0.000	405.624	0.000
396.608	12.415	0.0000	13.202	405.719	0.000	405.719	0.000
397.606	12.417	0.0000	13.235	405.794	0.000	405.794	0.000
398.606	12.420	0.0000	13.269	405.882	0.000	405.882	0.000
399.605	12.425	0.0000	13.302	406.042	0.000	406.042	0.000
400.604	12.427	0.0000	13.335	406.101	0.000	406.101	0.000
401.602	12.430	0.0000	13.369	406.209	0.000	406.209	0.000
402.602	12.434	0.0000	13.402	406.324	0.000	406.324	0.000
403.601	12.436	0.0000	13.435	406.392	0.000	406.392	0.000
404.6	12.440	0.0000	13.468	406.536	0.000	406.536	0.000
405.599	12.443	0.0000	13.502	406.644	0.000	406.644	0.000
406.597	12.445	0.0000	13.535	406.699	0.000	406.699	0.000
407.596	12.450	0.0000	13.568	406.846	0.000	406.846	0.000
408.596	12.451	0.0000	13.602	406.902	0.000	406.902	0.000
409.595	12.455	0.0000	13.635	407.026	0.000	407.026	0.000
410.594	12.458	0.0000	13.668	407.137	0.000	407.137	0.000
411.593	12.461	0.0000	13.702	407.206	0.000	407.206	0.000
412.592	12.465	0.0000	13.735	407.353	0.000	407.353	0.000
413.59	12.467	0.0000	13.768	407.415	0.000	407.415	0.000
414.59	12.470	0.0000	13.801	407.516	0.000	407.516	0.000
415.589	12.473	0.0000	13.835	407.605	0.000	407.605	0.000
416.588	12.475	0.0000	13.868	407.680	0.000	407.680	0.000
417.587	12.480	0.0000	13.901	407.840	0.000	407.840	0.000
418.586	12.480	0.0000	13.935	407.846	0.000	407.846	0.000
419.585	12.485	0.0000	13.968	408.007	0.000	408.007	0.000
420.583	12.487	0.0000	14.001	408.082	0.000	408.082	0.000
421.583	12.490	0.0000	14.035	408.170	0.000	408.170	0.000
422.582	12.492	0.0000	14.068	408.232	0.000	408.232	0.000
423.581	12.495	0.0000	14.101	408.333	0.000	408.333	0.000
424.58	12.498	0.0000	14.135	408.438	0.000	408.438	0.000
425.579	12.501	0.0000	14.168	408.526	0.000	408.526	0.000
426.578	12.505	0.0000	14.201	408.660	0.000	408.660	0.000
427.577	12.505	0.0000	14.234	408.660	0.000	408.660	0.000
428.576	12.510	0.0000	14.268	408.824	0.000	408.824	0.000
429.575	12.511	0.0000	14.301	408.846	0.000	408.846	0.000
430.573	12.515	0.0000	14.334	408.987	0.000	408.987	0.000
431.573	12.515	0.0000	14.368	408.987	0.000	408.987	0.000
432.572	12.520	0.0000	14.401	409.137	0.000	409.137	0.000
433.57	12.522	0.0000	14.434	409.219	0.000	409.219	0.000
434.57	12.525	0.0000	14.468	409.314	0.000	409.314	0.000
435.569	12.527	0.0000	14.501	409.386	0.000	409.386	0.000
436.568	12.530	0.0000	14.534	409.477	0.000	409.477	0.000
437.567	12.533	0.0000	14.567	409.559	0.000	409.559	0.000
438.563	12.535	0.0000	14.601	409.641	0.000	409.641	0.000
439.565	12.537	0.0000	14.634	409.703	0.000	409.703	0.000
440.564	12.540	0.0000	14.667	409.804	0.000	409.804	0.000
441.563	12.543	0.0000	14.701	409.886	0.000	409.886	0.000
442.562	12.545	0.0000	14.734	409.967	0.000	409.967	0.000
443.561	12.548	0.0000	14.767	410.072	0.000	410.072	0.000
444.56	12.550	0.0000	14.801	410.131	0.000	410.131	0.000
445.558	12.552	0.0000	14.834	410.209	0.000	410.209	0.000
446.558	12.555	0.0000	14.867	410.294	0.000	410.294	0.000
447.557	12.556	0.0000	14.900	410.337	0.000	410.337	0.000
448.555	12.560	0.0000	14.934	410.458	0.000	410.458	0.000
449.554	12.562	0.0000	14.967	410.533	0.000	410.533	0.000
450.554	12.565	0.0000	15.000	410.621	0.000	410.621	0.000
451.553	12.567	0.0000	15.034	410.673	0.000	410.673	0.000
452.553	12.570	0.0000	15.067	410.784	0.000	410.784	0.000
453.55	12.570	0.0000	15.100	410.797	0.000	410.797	0.000
454.549	12.575	0.0000	15.134	410.948	0.000	410.948	0.000
455.549	12.576	0.0000	15.167	410.987	0.000	410.987	0.000
456.547	12.580	0.0000	15.200	411.111	0.000	411.111	0.000
457.546	12.580	0.0000	15.233	411.111	0.000	411.111	0.000
458.546	12.583	0.0000	15.267	411.222	0.000	411.222	0.000
459.544	12.585	0.0000	15.300	411.275	0.000	411.275	0.000
460.544	12.585	0.0000	15.333	411.275	0.000	411.275	0.000
461.542	12.590	0.0000	15.367	411.438	0.000	411.438	0.000
462.543	12.590	0.0000	15.400	411.438	0.000	411.438	0.000
463.541	12.594	0.0000	15.433	411.552	0.000	411.552	0.000
464.54	12.595	0.0000	15.467	411.614	0.000	411.614	0.000
465.54	12.600	0.0000	15.500	411.765	0.000	411.765	0.000
466.539	12.600	0.0000	15.533	411.765	0.000	411.765	0.000
467.537	12.601	0.0000	15.566	411.801	0.000	411.801	0.000
468.537	12.605	0.0000	15.600	411.928	0.000	411.928	0.000
469.534	12.605	0.0000	15.633	411.928	0.000	411.928	0.000
470.534	12.608	0.0000	15.666	412.029	0.000	412.029	0.000
471.533	12.610	0.0000	15.700	412.091	0.000	412.091	0.000
472.533	12.613	0.0000	15.733	412.183	0.000	412.183	0.000
473.531	12.615	0.0000	15.766	412.255	0.000	412.255	0.000
474.53	12.615	0.0000	15.800	412.255	0.000	412.255	0.000
475.529	12.619	0.0000	15.833	412.373	0.000	412.373	0.000
476.528	12.620	0.0000	15.866	412.418	0.000	412.418	0.000
477.528	12.623	0.0000	15.899	412.520	0.000	412.520	0.000
478.527	12.625	0.0000	15.933	412.582	0.000	412.582	0.000
479.524	12.625	0.0000	15.966	412.582	0.000	412.582	0.000
480.525	12.628	0.0000	15.999	412.693	0.000	412.693	0.000
481.521	12.630	0.0000	16.033	412.745	0.000	412.745	0.000
482.522	12.630	0.0000	16.066	412.748	0.000	412.748	0.000
483.52	12.635	0.0000	16.099	412.908	0.000	412.908	0.000
484.521	12.635	0.0000	16.133	412.908	0.000	412.908	0.000
485.52	12.639	0.0000	16.166	413.026	0.000	413.026	0.000
486.519	12.640	0.0000	16.199	413.072	0.000	413.072	0.000
487.517	12.640	0.0000	16.232	413.072	0.000	413.072	0.000
488.517	12.645	0.0000	16.266	413.235	0.000	413.235	0.000
489.515	12.645	0.0000	16.299	413.235	0.000	413.235	0.000
490.515	12.647	0.0000	16.332	413.284	0.000	413.284	0.000
491.514	12.650	0.0000	16.366	413.399	0.000	413.399	0.000
492.513	12.650	0.0000	16.399	413.399	0.000	413.399	0.000
493.511	12.652	0.0000	16.432	413.448	0.000	413.448	0.000
494.509	12.655	0.0000	16.466	413.562	0.000	413.562	0.000
495.51	12.655	0.0000	16.499	413.562	0.000	413.562	0.000
496.509	12.659	0.0000	16.532	413.696	0.000	413.696	0.000
497.505	12.660	0.0000	16.565	413.725	0.000	413.725	0.000
498.507	12.660	0.0000	16.599	413.725	0.000	413.725	0.000
499.506	12.663	0.0000	16.632	413.830	0.000	413.830	0.000
500.505	12.665	0.0000	16.665	413.889	0.000	413.889	0.000
501.502	12.665	0.0000	16.699	413.889	0.000	413.889	0.000
502.503	12.670	0.0000	16.732	414.042	0.000	414.042	0.000
503.501	12.670	0.0000	16.765	414.052	0.000	414.052	0.000
504.5	12.670	0.0000	16.799	414.052	0.000	414.052	0.000
505.5	12.673	0.0000	16.832	414.144	0.000	414.144	0.000
506.499	12.675	0.0000	16.865	414.216	0.000	414.216	0.000
507.498	12.675	0.0000	16.898	414.216	0.000	414.216	0.000
508.494	12.679	0.0000	16.932	414.350	0.000	414.350	0.000
509.495	12.680	0.0000	16.965	414.379	0.000	414.379	0.000
510.494	12.680	0.0000	16.998	414.379	0.000	414.379	0.000
511.494	12.683	0.0000	17.032	414.474	0.000	414.474	0.000
512.493	12.685	0.0000	17.065	414.542	0.000	414.542	0.000
513.492	12.685	0.0000	17.098	414.542	0.000	414.542	0.000
514.491	12.688	0.0000	17.132	414.624	0.000	414.624	0.000
515.489	12.690	0.0000	17.165	414.706	0.000	414.706	0.000
516.487	12.690	0.0000	17.198	414.706	0.000	414.706	0.000
517.488	12.690	0.0000	17.231	414.706	0.000	414.706	0.000
518.487	12.692	0.0000	17.265	414.781	0.000	414.781	0.000
519.485	12.695	0.0000	17.298	414.869	0.000	414.869	0.000
520.485	12.695	0.0000	17.331	414.869	0.000	414.869	0.000
521.482	12.695	0.0000	17.365	414.869	0.000	414.869	0.000
522.483	12.698	0.0000	17.398	414.977	0.000	414.977	0.000
523.482	12.700	0.0000	17.431	415.033	0.000	415.033	0.000
524.481	12.700	0.0000	17.465	415.033	0.000	415.033	0.000
525.48	12.705	0.0000	17.498	415.196	0.000	415.196	0.000
526.479	12.705	0.0000	17.531	415.196	0.000	415.196	0.000
527.478	12.705	0.0000	17.564	415.196	0.000	415.196	0.000
528.477	12.707	0.0000	17.598	415.261	0.000	415.261	0.000
529.476	12.710	0.0000	17.631	415.359	0.000	415.359	0.000
530.476	12.710	0.0000	17.664	415.359	0.000	415.359	0.000
531.474	12.710	0.0000	17.698	415.359	0.000	415.359	0.000
532.473	12.713	0.0000	17.731	415.458	0.000	415.458	0.000
533.472	12.715	0.0000	17.764	415.523	0.000	415.523	0.000
534.471	12.715	0.0000	17.798	415.523	0.000	415.523	0.000
535.471	12.718	0.0000	17.831	415.631	0.000	415.631	0.000
536.469	12.720	0.0000	17.864	415.686	0.000	415.686	0.000
537.468	12.720	0.0000	17.897	415.686	0.000	415.686	0.000
538.467	12.722	0.0000	17.931	415.739	0.000	415.739	0.000
539.465	12.725	0.0000	17.964	415.850	0.000	415.850	0.000
540.465	12.725	0.0000	17.997	415.850	0.000	415.850	0.000
541.464	12.725	0.0000	18.031	415.850	0.000	415.850	0.000
542.463	12.727	0.0000	18.064	415.905	0.000	415.905	0.000
543.462	12.730	0.0000	18.097	416.013	0.000	416.013	0.000
544.461	12.730	0.0000	18.131	416.013	0.000	416.013	0.000
545.46	12.731	0.0000	18.164	416.039	0.000	416.039	0.000
546.46	12.735	0.0000	18.197	416.176	0.000	416.176	0.000
547.457	12.735	0.0000	18.230	416.176	0.000	416.176	0.000
548.455	12.735	0.0000	18.264	416.176	0.000	416.176	0.000
549.456	12.735	0.0000	18.297	416.176	0.000	416.176	0.000
550.454	12.735	0.0000	18.330	416.176	0.000	416.176	0.000
551.454	12.740	0.0000	18.364	416.327	0.000	416.327	0.000
552.451	12.740	0.0000	18.397	416.340	0.000	416.340	0.000
553.452	12.740	0.0000	18.430	416.340	0.000	416.340	0.000
554.45	12.740	0.0000	18.464	416.340	0.000	416.340	0.000
555.45	12.743	0.0000	18.497	416.422	0.000	416.422	0.000
556.449	12.745	0.0000	18.530	416.503	0.000	416.503	0.000
557.448	12.745	0.0000	18.563	416.503	0.000	416.503	0.000
558.447	12.745	0.0000	18.597	416.503	0.000	416.503	0.000
559.446	12.745	0.0000	18.630	416.503	0.000	416.503	0.000
560.445	12.747	0.0000	18.663	416.578	0.000	416.578	0.000
561.444	12.750	0.0000	18.697	416.667	0.000	416.667	0.000
562.444	12.750	0.0000	18.730	416.667	0.000	416.667	0.000
563.442	12.750	0.0000	18.763	416.667	0.000	416.667	0.000
564.44	12.750	0.0000	18.797	416.667	0.000	416.667	0.000
565.441	12.755	0.0000	18.830	416.824	0.000	416.824	0.000
566.439	12.755	0.0000	18.863	416.830	0.000	416.830	0.000
567.438	12.755	0.0000	18.896	416.830	0.000	416.830	0.000
568.438	12.755	0.0000	18.930	416.830	0.000	416.830	0.000
569.436	12.756	0.0000	18.963	416.863	0.000	416.863	0.000
570.435	12.760	0.0000	18.996	416.987	0.000	416.987	0.000
571.435	12.760	0.0000	19.030	416.993	0.000	416.993	0.000
572.433	12.760	0.0000	19.063	416.993	0.000	416.993	0.000
573.432	12.760	0.0000	19.096	416.993	0.000	416.993	0.000
574.432	12.760	0.0000	19.130	416.993	0.000	416.993	0.000
575.43	12.763	0.0000	19.163	417.101	0.000	417.101	0.000
576.43	12.765	0.0000	19.196	417.157	0.000	417.157	0.000
577.428	12.765	0.0000	19.229	417.157	0.000	417.157	0.000
578.426	12.765	0.0000	19.263	417.157	0.000	417.157	0.000
579.427	12.765	0.0000	19.296	417.157	0.000	417.157	0.000
580.425	12.765	0.0000	19.329	417.157	0.000	417.157	0.000
581.425	12.768	0.0000	19.363	417.255	0.000	417.255	0.000
582.423	12.770	0.0000	19.396	417.320	0.000	417.320	0.000
583.42	12.770	0.0000	19.429	417.320	0.000	417.320	0.000
584.422	12.770	0.0000	19.463	417.320	0.000	417.320	0.000
585.421	12.770	0.0000	19.496	417.320	0.000	417.320	0.000
586.419	12.770	0.0000	19.529	417.320	0.000	417.320	0.000
587.418	12.772	0.0000	19.562	417.369	0.000	417.369	0.000
588.418	12.775	0.0000	19.596	417.484	0.000	417.484	0.000
589.416	12.775	0.0000	19.629	417.484	0.000	417.484	0.000
590.416	12.775	0.0000	19.662	417.484	0.000	417.484	0.000
591.415	12.775	0.0000	19.696	417.484	0.000	417.484	0.000
592.413	12.775	0.0000	19.729	417.484	0.000	417.484	0.000
593.41	12.779	0.0000	19.762	417.614	0.000	417.614	0.000
594.41	12.780	0.0000	19.796	417.647	0.000	417.647	0.000
595.412	12.780	0.0000	19.829	417.647	0.000	417.647	0.000
596.409	12.780	0.0000	19.862	417.647	0.000	417.647	0.000
597.408	12.780	0.0000	19.895	417.647	0.000	417.647	0.000
598.407	12.780	0.0000	19.929	417.647	0.000	417.647	0.000
599.407	12.780	0.0000	19.962	417.647	0.000	417.647	0.000
600.406	12.782	0.0000	19.995	417.696	0.000	417.696	0.000
601.405	12.785	0.0000	20.029	417.810	0.000	417.810	0.000
602.401	12.785	0.0000	20.062	417.810	0.000	417.810	0.000
603.403	12.785	0.0000	20.095	417.810	0.000	417.810	0.000
604.402	12.785	0.0000	20.129	417.810	0.000	417.810	0.000
605.402	12.785	0.0000	20.162	417.810	0.000	417.810	0.000
606.4	12.785	0.0000	20.195	417.810	0.000	417.810	0.000
607.398	12.787	0.0000	20.228	417.876	0.000	417.876	0.000
608.397	12.790	0.0000	20.262	417.964	0.000	417.964	0.000
609.397	12.790	0.0000	20.295	417.974	0.000	417.974	0.000
610.395	12.790	0.0000	20.328	417.974	0.000	417.974	0.000
611.392	12.790	0.0000	20.362	417.974	0.000	417.974	0.000
612.393	12.790	0.0000	20.395	417.974	0.000	417.974	0.000
613.391	12.790	0.0000	20.428	417.974	0.000	417.974	0.000
614.393	12.790	0.0000	20.462	417.974	0.000	417.974	0.000
615.391	12.790	0.0000	20.495	417.974	0.000	417.974	0.000
616.389	12.793	0.0000	20.528	418.075	0.000	418.075	0.000
617.39	12.793	0.0000	20.561	418.062	0.000	418.062	0.000
618.385	12.795	0.0000	20.595	418.137	0.000	418.137	0.000
619.386	12.795	0.0000	20.628	418.137	0.000	418.137	0.000
620.385	12.795	0.0000	20.661	418.137	0.000	418.137	0.000
621.382	12.795	0.0000	20.695	418.137	0.000	418.137	0.000
622.383	12.795	0.0000	20.728	418.137	0.000	418.137	0.000
623.381	12.800	0.0000	20.761	418.284	0.000	418.284	0.000
624.38	12.800	0.0000	20.795	418.301	0.000	418.301	0.000
625.381	12.800	0.0000	20.828	418.301	0.000	418.301	0.000
626.38	12.800	0.0000	20.861	418.301	0.000	418.301	0.000
627.378	12.800	0.0000	20.894	418.301	0.000	418.301	0.000
628.377	12.800	0.0000	20.928	418.301	0.000	418.301	0.000
629.377	12.800	0.0000	20.961	418.301	0.000	418.301	0.000
630.376	12.800	0.0000	20.994	418.301	0.000	418.301	0.000
631.375	12.800	0.0000	21.028	418.301	0.000	418.301	0.000
632.373	12.803	0.0000	21.061	418.408	0.000	418.408	0.000
633.373	12.805	0.0000	21.094	418.464	0.000	418.464	0.000
634.373	12.805	0.0000	21.128	418.464	0.000	418.464	0.000
635.37	12.805	0.0000	21.161	418.464	0.000	418.464	0.000
636.369	12.805	0.0000	21.194	418.464	0.000	418.464	0.000
637.369	12.805	0.0000	21.227	418.464	0.000	418.464	0.000
638.368	12.805	0.0000	21.261	418.464	0.000	418.464	0.000
639.367	12.805	0.0000	21.294	418.464	0.000	418.464	0.000
640.366	12.805	0.0000	21.327	418.464	0.000	418.464	0.000
641.366	12.805	0.0000	21.361	418.464	0.000	418.464	0.000
642.363	12.805	0.0000	21.394	418.464	0.000	418.464	0.000
643.363	12.805	0.0000	21.427	418.464	0.000	418.464	0.000
644.36	12.805	0.0000	21.461	418.464	0.000	418.464	0.000
645.361	12.806	0.0000	21.494	418.500	0.000	418.500	0.000
646.361	12.806	0.0000	21.527	418.510	0.000	418.510	0.000
647.359	12.809	0.0000	21.560	418.601	0.000	418.601	0.000
648.358	12.810	0.0000	21.594	418.627	0.000	418.627	0.000
649.356	12.810	0.0000	21.627	418.627	0.000	418.627	0.000
650.355	12.810	0.0000	21.660	418.627	0.000	418.627	0.000
651.354	12.810	0.0000	21.694	418.627	0.000	418.627	0.000
652.353	12.810	0.0000	21.727	418.627	0.000	418.627	0.000
653.354	12.810	0.0000	21.760	418.627	0.000	418.627	0.000
654.353	12.810	0.0000	21.794	418.627	0.000	418.627	0.000
655.351	12.810	0.0000	21.827	418.627	0.000	418.627	0.000
656.35	12.810	0.0000	21.860	418.627	0.000	418.627	0.000
657.349	12.810	0.0000	21.893	418.627	0.000	418.627	0.000
658.348	12.810	0.0000	21.927	418.627	0.000	418.627	0.000
659.347	12.810	0.0000	21.960	418.627	0.000	418.627	0.000
660.347	12.810	0.0000	21.993	418.627	0.000	418.627	0.000
661.344	12.814	0.0000	22.027	418.768	0.000	418.768	0.000
662.343	12.815	0.0000	22.060	418.791	0.000	418.791	0.000
663.344	12.811	0.0000	22.093	418.644	0.000	418.644	0.000
664.34	12.815	0.0000	22.127	418.775	0.000	418.775	0.000
665.341	12.815	0.0000	22.160	418.791	0.000	418.791	0.000
666.341	12.815	0.0000	22.193	418.791	0.000	418.791	0.000
667.338	12.815	0.0000	22.226	418.791	0.000	418.791	0.000
668.337	12.815	0.0000	22.260	418.791	0.000	418.791	0.000
669.337	12.815	0.0000	22.293	418.791	0.000	418.791	0.000
670.334	12.815	0.0000	22.326	418.791	0.000	418.791	0.000
671.336	12.815	0.0000	22.360	418.791	0.000	418.791	0.000
672.335	12.815	0.0000	22.393	418.791	0.000	418.791	0.000
673.334	12.815	0.0000	22.426	418.791	0.000	418.791	0.000
674.332	12.815	0.0000	22.460	418.791	0.000	418.791	0.000
675.332	12.815	0.0000	22.493	418.791	0.000	418.791	0.000
676.331	12.815	0.0000	22.526	418.791	0.000	418.791	0.000
677.327	12.815	0.0000	22.559	418.791	0.000	418.791	0.000
678.329	12.815	0.0000	22.593	418.791	0.000	418.791	0.000
679.327	12.815	0.0000	22.626	418.791	0.000	418.791	0.000
680.327	12.815	0.0000	22.659	418.791	0.000	418.791	0.000
681.325	12.815	0.0000	22.693	418.791	0.000	418.791	0.000
682.324	12.815	0.0000	22.726	418.791	0.000	418.791	0.000
683.324	12.815	0.0000	22.759	418.791	0.000	418.791	0.000
684.322	12.815	0.0000	22.793	418.791	0.000	418.791	0.000
685.321	12.815	0.0000	22.826	418.791	0.000	418.791	0.000
686.32	12.816	0.0000	22.859	418.807	0.000	418.807	0.000
687.32	12.820	0.0000	22.892	418.944	0.000	418.944	0.000
688.318	12.820	0.0000	22.926	418.954	0.000	418.954	0.000
689.316	12.820	0.0000	22.959	418.954	0.000	418.954	0.000
690.317	12.820	0.0000	22.992	418.954	0.000	418.954	0.000
691.314	12.820	0.0000	23.026	418.954	0.000	418.954	0.000
692.314	12.820	0.0000	23.059	418.954	0.000	418.954	0.000
693.312	12.820	0.0000	23.092	418.954	0.000	418.954	0.000
694.311	12.820	0.0000	23.126	418.954	0.000	418.954	0.000
695.312	12.820	0.0000	23.159	418.954	0.000	418.954	0.000
696.311	12.820	0.0000	23.192	418.954	0.000	418.954	0.000
697.31	12.820	0.0000	23.225	418.954	0.000	418.954	0.000
698.307	12.819	0.0000	23.259	418.905	0.000	418.905	0.000
699.308	12.820	0.0000	23.292	418.954	0.000	418.954	0.000
700.306	12.817	0.0000	23.325	418.859	0.000	418.859	0.000
701.305	12.815	0.0000	23.359	418.791	0.000	418.791	0.000
702.303	12.819	0.0000	23.392	418.908	0.000	418.908	0.000
703.303	12.816	0.0000	23.425	418.820	0.000	418.820	0.000
704.301	12.815	0.0000	23.459	418.791	0.000	418.791	0.000
705.301	12.815	0.0000	23.492	418.791	0.000	418.791	0.000
706.301	12.815	0.0000	23.525	418.791	0.000	418.791	0.000
707.3	12.815	0.0000	23.558	418.791	0.000	418.791	0.000
708.298	12.815	0.0000	23.592	418.791	0.000	418.791	0.000
709.298	12.815	0.0000	23.625	418.791	0.000	418.791	0.000
710.295	12.815	0.0000	23.658	418.791	0.000	418.791	0.000
711.294	12.815	0.0000	23.692	418.791	0.000	418.791	0.000
712.294	12.815	0.0000	23.725	418.791	0.000	418.791	0.000
713.294	12.815	0.0000	23.758	418.791	0.000	418.791	0.000
714.292	12.815	0.0000	23.792	418.791	0.000	418.791	0.000
715.291	12.815	0.0000	23.825	418.791	0.000	418.791	0.000
716.29	12.815	0.0000	23.858	418.791	0.000	418.791	0.000
717.29	12.815	0.0000	23.891	418.791	0.000	418.791	0.000
718.289	12.815	0.0000	23.925	418.791	0.000	418.791	0.000
719.287	12.815	0.0000	23.958	418.791	0.000	418.791	0.000
720.286	12.815	0.0000	23.991	418.791	0.000	418.791	0.000
721.285	12.815	0.0000	24.025	418.791	0.000	418.791	0.000
722.285	12.815	0.0000	24.058	418.791	0.000	418.791	0.000
723.283	12.815	0.0000	24.091	418.791	0.000	418.791	0.000
724.283	12.815	0.0000	24.125	418.791	0.000	418.791	0.000
725.282	12.815	0.0000	24.158	418.791	0.000	418.791	0.000
726.281	12.815	0.0000	24.191	418.791	0.000	418.791	0.000
727.28	12.815	0.0000	24.224	418.791	0.000	418.791	0.000
728.279	12.815	0.0000	24.258	418.791	0.000	418.791	0.000
729.277	12.815	0.0000	24.291	418.791	0.000	418.791	0.000
730.275	12.815	0.0000	24.324	418.791	0.000	418.791	0.000
731.275	12.815	0.0000	24.358	418.791	0.000	418.791	0.000
732.276	12.815	0.0000	24.391	418.791	0.000	418.791	0.000
733.272	12.815	0.0000	24.424	418.791	0.000	418.791	0.000
734.271	12.815	0.0000	24.458	418.791	0.000	418.791	0.000
735.272	12.815	0.0000	24.491	418.791	0.000	418.791	0.000
736.272	12.815	0.0000	24.524	418.791	0.000	418.791	0.000
737.27	12.815	0.0000	24.558	418.791	0.000	418.791	0.000
738.27	12.815	0.0000	24.591	418.791	0.000	418.791	0.000
739.267	12.815	0.0000	24.624	418.781	0.000	418.781	0.000
740.268	12.810	0.0000	24.657	418.627	0.000	418.627	0.000
741.267	12.810	0.0000	24.691	418.627	0.000	418.627	0.000
742.263	12.810	0.0000	24.724	418.627	0.000	418.627	0.000
743.264	12.810	0.0000	24.757	418.627	0.000	418.627	0.000
744.262	12.810	0.0000	24.791	418.627	0.000	418.627	0.000
745.261	12.810	0.0000	24.824	418.627	0.000	418.627	0.000
746.26	12.810	0.0000	24.857	418.627	0.000	418.627	0.000
747.26	12.810	0.0000	24.891	418.627	0.000	418.627	0.000
748.26	12.810	0.0000	24.924	418.627	0.000	418.627	0.000
749.258	12.810	0.0000	24.957	418.627	0.000	418.627	0.000
750.257	12.810	0.0000	24.990	418.627	0.000	418.627	0.000
751.257	12.810	0.0000	25.024	418.627	0.000	418.627	0.000
752.255	12.810	0.0000	25.057	418.627	0.000	418.627	0.000
753.253	12.810	0.0000	25.090	418.624	0.000	418.624	0.000
754.252	12.806	0.0000	25.124	418.510	0.000	418.510	0.000
755.253	12.806	0.0000	25.157	418.490	0.000	418.490	0.000
756.25	12.805	0.0000	25.190	418.464	0.000	418.464	0.000
757.25	12.805	0.0000	25.224	418.464	0.000	418.464	0.000
758.249	12.805	0.0000	25.257	418.464	0.000	418.464	0.000
759.248	12.805	0.0000	25.290	418.464	0.000	418.464	0.000
760.248	12.805	0.0000	25.323	418.464	0.000	418.464	0.000
761.245	12.805	0.0000	25.357	418.464	0.000	418.464	0.000
762.243	12.805	0.0000	25.390	418.464	0.000	418.464	0.000
763.243	12.805	0.0000	25.423	418.451	0.000	418.451	0.000
764.243	12.800	0.0000	25.457	418.301	0.000	418.301	0.000
765.242	12.800	0.0000	25.490	418.304	0.000	418.304	0.000
766.242	12.800	0.0000	25.523	418.301	0.000	418.301	0.000
767.24	12.800	0.0000	25.557	418.301	0.000	418.301	0.000
768.24	12.800	0.0000	25.590	418.301	0.000	418.301	0.000
769.237	12.800	0.0000	25.623	418.301	0.000	418.301	0.000
770.238	12.800	0.0000	25.656	418.301	0.000	418.301	0.000
771.236	12.800	0.0000	25.690	418.301	0.000	418.301	0.000
772.236	12.800	0.0000	25.723	418.301	0.000	418.301	0.000
773.235	12.800	0.0000	25.756	418.301	0.000	418.301	0.000
774.232	12.798	0.0000	25.790	418.222	0.000	418.222	0.000
775.231	12.795	0.0000	25.823	418.137	0.000	418.137	0.000
776.231	12.795	0.0000	25.856	418.137	0.000	418.137	0.000
777.231	12.795	0.0000	25.890	418.137	0.000	418.137	0.000
778.23	12.795	0.0000	25.923	418.137	0.000	418.137	0.000
779.229	12.795	0.0000	25.956	418.137	0.000	418.137	0.000
780.228	12.795	0.0000	25.989	418.137	0.000	418.137	0.000
781.227	12.795	0.0000	26.023	418.137	0.000	418.137	0.000
782.225	12.794	0.0000	26.056	418.105	0.000	418.105	0.000
783.224	12.790	0.0000	26.089	417.974	0.000	417.974	0.000
784.224	12.790	0.0000	26.123	417.974	0.000	417.974	0.000
785.223	12.790	0.0000	26.156	417.974	0.000	417.974	0.000
786.22	12.790	0.0000	26.189	417.974	0.000	417.974	0.000
787.221	12.790	0.0000	26.223	417.974	0.000	417.974	0.000
788.22	12.790	0.0000	26.256	417.974	0.000	417.974	0.000
789.219	12.789	0.0000	26.289	417.941	0.000	417.941	0.000
790.218	12.785	0.0000	26.322	417.810	0.000	417.810	0.000
791.217	12.785	0.0000	26.356	417.810	0.000	417.810	0.000
792.215	12.785	0.0000	26.389	417.810	0.000	417.810	0.000
793.215	12.785	0.0000	26.422	417.797	0.000	417.797	0.000
794.214	12.781	0.0000	26.456	417.676	0.000	417.676	0.000
795.212	12.780	0.0000	26.489	417.647	0.000	417.647	0.000
796.212	12.780	0.0000	26.522	417.647	0.000	417.647	0.000
797.21	12.780	0.0000	26.556	417.647	0.000	417.647	0.000
798.21	12.780	0.0000	26.589	417.647	0.000	417.647	0.000
799.208	12.779	0.0000	26.622	417.614	0.000	417.614	0.000
800.207	12.775	0.0000	26.655	417.484	0.000	417.484	0.000
801.206	12.775	0.0000	26.689	417.484	0.000	417.484	0.000
802.205	12.775	0.0000	26.722	417.484	0.000	417.484	0.000
803.204	12.775	0.0000	26.755	417.484	0.000	417.484	0.000
804.203	12.775	0.0000	26.789	417.484	0.000	417.484	0.000
805.203	12.772	0.0000	26.822	417.389	0.000	417.389	0.000
806.202	12.770	0.0000	26.855	417.320	0.000	417.320	0.000
807.201	12.770	0.0000	26.889	417.320	0.000	417.320	0.000
808.2	12.770	0.0000	26.922	417.320	0.000	417.320	0.000
809.198	12.766	0.0000	26.955	417.173	0.000	417.173	0.000
810.198	12.765	0.0000	26.988	417.157	0.000	417.157	0.000
811.197	12.765	0.0000	27.022	417.157	0.000	417.157	0.000
812.194	12.765	0.0000	27.055	417.157	0.000	417.157	0.000
813.195	12.760	0.0000	27.088	417.007	0.000	417.007	0.000
814.194	12.760	0.0000	27.122	416.993	0.000	416.993	0.000
815.194	12.760	0.0000	27.155	416.993	0.000	416.993	0.000
816.191	12.756	0.0000	27.188	416.873	0.000	416.873	0.000
817.191	12.755	0.0000	27.222	416.830	0.000	416.830	0.000
818.188	12.755	0.0000	27.255	416.830	0.000	416.830	0.000
819.188	12.755	0.0000	27.288	416.830	0.000	416.830	0.000
820.188	12.751	0.0000	27.321	416.683	0.000	416.683	0.000
821.187	12.750	0.0000	27.355	416.667	0.000	416.667	0.000
822.186	12.750	0.0000	27.388	416.667	0.000	416.667	0.000
823.184	12.748	0.0000	27.421	416.605	0.000	416.605	0.000
824.185	12.745	0.0000	27.455	416.503	0.000	416.503	0.000
825.183	12.745	0.0000	27.488	416.503	0.000	416.503	0.000
826.182	12.745	0.0000	27.521	416.503	0.000	416.503	0.000
827.182	12.743	0.0000	27.555	416.451	0.000	416.451	0.000
828.18	12.740	0.0000	27.588	416.340	0.000	416.340	0.000
829.18	12.740	0.0000	27.621	416.340	0.000	416.340	0.000
830.179	12.740	0.0000	27.654	416.333	0.000	416.333	0.000
831.177	12.735	0.0000	27.688	416.176	0.000	416.176	0.000
832.175	12.735	0.0000	27.721	416.176	0.000	416.176	0.000
833.176	12.734	0.0000	27.754	416.131	0.000	416.131	0.000
834.174	12.730	0.0000	27.788	416.013	0.000	416.013	0.000
835.173	12.730	0.0000	27.821	416.013	0.000	416.013	0.000
836.172	12.728	0.0000	27.854	415.951	0.000	415.951	0.000
837.172	12.725	0.0000	27.888	415.850	0.000	415.850	0.000
838.17	12.725	0.0000	27.921	415.850	0.000	415.850	0.000
839.17	12.721	0.0000	27.954	415.722	0.000	415.722	0.000
840.166	12.720	0.0000	27.987	415.686	0.000	415.686	0.000
841.167	12.718	0.0000	28.021	415.605	0.000	415.605	0.000
842.166	12.715	0.0000	28.054	415.523	0.000	415.523	0.000
843.166	12.713	0.0000	28.087	415.461	0.000	415.461	0.000
844.165	12.710	0.0000	28.121	415.359	0.000	415.359	0.000
845.163	12.710	0.0000	28.154	415.359	0.000	415.359	0.000
846.162	12.705	0.0000	28.187	415.206	0.000	415.206	0.000
847.162	12.705	0.0000	28.221	415.196	0.000	415.196	0.000
848.161	12.701	0.0000	28.254	415.059	0.000	415.059	0.000
849.159	12.700	0.0000	28.287	415.033	0.000	415.033	0.000
850.159	12.696	0.0000	28.320	414.902	0.000	414.902	0.000
851.158	12.695	0.0000	28.354	414.856	0.000	414.856	0.000
852.156	12.690	0.0000	28.387	414.706	0.000	414.706	0.000
853.156	12.689	0.0000	28.420	414.667	0.000	414.667	0.000
854.155	12.685	0.0000	28.454	414.542	0.000	414.542	0.000
855.154	12.684	0.0000	28.487	414.500	0.000	414.500	0.000
856.152	12.680	0.0000	28.520	414.379	0.000	414.379	0.000
857.151	12.676	0.0000	28.554	414.235	0.000	414.235	0.000
858.15	12.675	0.0000	28.587	414.216	0.000	414.216	0.000
859.15	12.670	0.0000	28.620	414.062	0.000	414.062	0.000
860.149	12.667	0.0000	28.653	413.967	0.000	413.967	0.000
861.147	12.665	0.0000	28.687	413.889	0.000	413.889	0.000
862.144	12.662	0.0000	28.720	413.775	0.000	413.775	0.000
863.145	12.659	0.0000	28.753	413.676	0.000	413.676	0.000
864.144	12.655	0.0000	28.787	413.562	0.000	413.562	0.000
865.143	12.652	0.0000	28.820	413.474	0.000	413.474	0.000
866.143	12.649	0.0000	28.853	413.363	0.000	413.363	0.000
867.141	12.645	0.0000	28.887	413.235	0.000	413.235	0.000
868.141	12.642	0.0000	28.920	413.121	0.000	413.121	0.000
869.137	12.637	0.0000	28.953	412.967	0.000	412.967	0.000
870.139	12.633	0.0000	28.986	412.856	0.000	412.856	0.000
871.137	12.630	0.0000	29.020	412.745	0.000	412.745	0.000
872.134	12.625	0.0000	29.053	412.595	0.000	412.595	0.000
873.136	12.622	0.0000	29.086	412.467	0.000	412.467	0.000
874.135	12.618	0.0000	29.120	412.356	0.000	412.356	0.000
875.132	12.614	0.0000	29.153	412.206	0.000	412.206	0.000
876.133	12.610	0.0000	29.186	412.091	0.000	412.091	0.000
877.132	12.605	0.0000	29.220	411.935	0.000	411.935	0.000
878.13	12.601	0.0000	29.253	411.791	0.000	411.791	0.000
879.13	12.596	0.0000	29.286	411.641	0.000	411.641	0.000
880.128	12.592	0.0000	29.319	411.487	0.000	411.487	0.000
881.126	12.587	0.0000	29.353	411.343	0.000	411.343	0.000
882.126	12.582	0.0000	29.386	411.176	0.000	411.176	0.000
883.125	12.577	0.0000	29.419	411.016	0.000	411.016	0.000
884.122	12.572	0.0000	29.453	410.863	0.000	410.863	0.000
885.124	12.568	0.0000	29.486	410.732	0.000	410.732	0.000
886.122	12.563	0.0000	29.519	410.539	0.000	410.539	0.000
887.121	12.557	0.0000	29.553	410.353	0.000	410.353	0.000
888.121	12.552	0.0000	29.586	410.199	0.000	410.199	0.000
889.119	12.547	0.0000	29.619	410.023	0.000	410.023	0.000
890.118	12.541	0.0000	29.652	409.837	0.000	409.837	0.000
891.118	12.535	0.0000	29.686	409.624	0.000	409.624	0.000
892.116	12.529	0.0000	29.719	409.444	0.000	409.444	0.000
893.114	12.523	0.0000	29.752	409.248	0.000	409.248	0.000
894.115	12.518	0.0000	29.786	409.085	0.000	409.085	0.000
895.114	12.511	0.0000	29.819	408.869	0.000	408.869	0.000
896.113	12.505	0.0000	29.852	408.673	0.000	408.673	0.000
897.112	12.499	0.0000	29.886	408.458	0.000	408.458	0.000
898.111	12.492	0.0000	29.919	408.242	0.000	408.242	0.000
899.109	12.485	0.0000	29.952	407.990	0.000	407.990	0.000
900.108	12.478	0.0000	29.985	407.791	0.000	407.791	0.000
901.109	12.472	0.0000	30.019	407.585	0.000	407.585	0.000
902.106	12.465	0.0000	30.052	407.343	0.000	407.343	0.000
903.106	12.458	0.0000	30.085	407.114	0.000	407.114	0.000
904.106	12.451	0.0000	30.119	406.889	0.000	406.889	0.000
905.103	12.443	0.0000	30.152	406.634	0.000	406.634	0.000
906.102	12.437	0.0000	30.185	406.422	0.000	406.422	0.000
907.102	12.428	0.0000	30.219	406.157	0.000	406.157	0.000
908.099	12.420	0.0000	30.252	405.892	0.000	405.892	0.000
909.099	12.412	0.0000	30.285	405.624	0.000	405.624	0.000
910.099	12.404	0.0000	30.318	405.359	0.000	405.359	0.000
911.097	12.396	0.0000	30.352	405.095	0.000	405.095	0.000
912.095	12.387	0.0000	30.385	404.804	0.000	404.804	0.000
913.096	12.378	0.0000	30.418	404.520	0.000	404.520	0.000
914.094	12.370	0.0000	30.452	404.255	0.000	404.255	0.000
915.095	12.361	0.0000	30.485	403.951	0.000	403.951	0.000
916.092	12.352	0.0000	30.518	403.670	0.000	403.670	0.000
917.092	12.343	0.0000	30.552	403.359	0.000	403.359	0.000
918.092	12.334	0.0000	30.585	403.056	0.000	403.056	0.000
919.09	12.324	0.0000	30.618	402.755	0.000	402.755	0.000
920.088	12.314	0.0000	30.651	402.428	0.000	402.428	0.000
921.087	12.304	0.0000	30.685	402.088	0.000	402.088	0.000
922.086	12.294	0.0000	30.718	401.768	0.000	401.768	0.000
923.086	12.284	0.0000	30.751	401.435	0.000	401.435	0.000
924.084	12.273	0.0000	30.785	401.078	0.000	401.078	0.000
925.083	12.262	0.0000	30.818	400.706	0.000	400.706	0.000
926.083	12.251	0.0000	30.851	400.353	0.000	400.353	0.000
927.082	12.240	0.0000	30.885	399.987	0.000	399.987	0.000
928.082	12.227	0.0000	30.918	399.585	0.000	399.585	0.000
929.08	12.215	0.0000	30.951	399.183	0.000	399.183	0.000
930.078	12.203	0.0000	30.984	398.788	0.000	398.788	0.000
931.078	12.190	0.0000	31.018	398.373	0.000	398.373	0.000
932.078	12.177	0.0000	31.051	397.951	0.000	397.951	0.000
933.076	12.164	0.0000	31.084	397.507	0.000	397.507	0.000
934.076	12.149	0.0000	31.118	397.039	0.000	397.039	0.000
935.074	12.135	0.0000	31.151	396.578	0.000	396.578	0.000
936.071	12.121	0.0000	31.184	396.095	0.000	396.095	0.000
937.072	12.105	0.0000	31.218	395.591	0.000	395.591	0.000
938.071	12.089	0.0000	31.251	395.072	0.000	395.072	0.000
939.069	12.073	0.0000	31.284	394.529	0.000	394.529	0.000
940.068	12.055	0.0000	31.317	393.964	0.000	393.964	0.000
941.068	12.038	0.0000	31.351	393.399	0.000	393.399	0.000
942.067	12.020	0.0000	31.384	392.814	0.000	392.814	0.000
943.066	12.001	0.0000	31.417	392.190	0.000	392.190	0.000
944.066	11.981	0.0000	31.451	391.539	0.000	391.539	0.000
945.062	11.961	0.0000	31.484	390.873	0.000	390.873	0.000
946.063	11.939	0.0000	31.517	390.147	0.000	390.147	0.000
947.062	11.915	0.0000	31.551	389.392	0.000	389.392	0.000
948.061	11.891	0.0000	31.584	388.608	0.000	388.608	0.000
949.059	11.866	0.0000	31.617	387.775	0.000	387.775	0.000
950.059	11.839	0.0000	31.650	386.879	0.000	386.879	0.000
951.057	11.810	0.0000	31.684	385.941	0.000	385.941	0.000
952.056	11.779	0.0000	31.717	384.941	0.000	384.941	0.000
953.057	11.746	0.0000	31.750	383.846	0.000	383.846	0.000
954.056	11.710	0.0000	31.784	382.663	0.000	382.663	0.000
955.053	11.670	0.0000	31.817	381.359	0.000	381.359	0.000
956.053	11.627	0.0000	31.850	379.954	0.000	379.954	0.000
957.05	11.580	0.0000	31.884	378.441	0.000	378.441	0.000
958.05	11.529	0.0000	31.917	376.765	0.000	376.765	0.000
959.051	11.472	0.0000	31.950	374.892	0.000	374.892	0.000
960.048	11.409	0.0000	31.983	372.837	0.000	372.837	0.000
961.048	11.340	0.0000	32.017	370.575	0.000	370.575	0.000
962.048	11.262	0.0000	32.050	368.026	0.000	368.026	0.000
963.047	11.173	0.0000	32.083	365.141	0.000	365.141	0.000
964.043	11.074	0.0000	32.117	361.882	0.000	361.882	0.000
965.044	10.958	0.0000	32.150	358.088	0.000	358.088	0.000
966.044	10.823	0.0000	32.183	353.683	0.000	353.683	0.000
967.042	10.653	0.0000	32.217	348.141	0.000	348.141	0.000
968.042	10.348	0.0000	32.250	338.154	0.000	338.154	0.000
969.04	8.836	0.0000	32.283	288.752	0.000	288.752	0.000
