Customer	SGCC_1.5
TestDate	4/4/2026
Coil No/Packet No	90-03
Type	Flat
Size(mm)	20*1.53
So(mm^2)	30.60
Lo(mm)	85
Lu(mm)	
A(%)	/
Su(mm^2)	/
Z(%)	/
Fm(kgf)	1531.4
Rm(MPa)	456
FeH(kgf)	/
ReH(MPa)	/
FeL(kgf)	/
ReL(MPa)	/
Fp(kgf)	1.426
Rp(MPa)	0
Ft(kgf)	/
Rt(MPa)	/
E(GPa)	/


-----------Curve----------
Time	Load	Elong	Disp	Stress	Strain	TrueStress	TrueStrain
0	0.013	0.0000	0.002	0.435	0.000	0.435	0.000
0.997	0.313	0.0000	0.018	10.229	0.000	10.229	0.000
1.998	0.839	0.0000	0.048	27.412	0.000	27.412	0.000
2.998	1.356	0.0000	0.082	44.304	0.000	44.304	0.000
3.997	1.836	0.0000	0.115	59.990	0.000	59.990	0.000
4.996	2.369	0.0000	0.148	77.425	0.000	77.425	0.000
5.993	2.906	0.0000	0.182	94.961	0.000	94.961	0.000
6.993	3.435	0.0000	0.215	112.268	0.000	112.268	0.000
7.992	3.948	0.0000	0.248	129.013	0.000	129.013	0.000
8.992	4.436	0.0000	0.282	144.954	0.000	144.954	0.000
9.991	4.907	0.0000	0.315	160.373	0.000	160.373	0.000
10.989	5.366	0.0000	0.348	175.373	0.000	175.373	0.000
11.989	5.755	0.0000	0.381	188.075	0.000	188.075	0.000
12.988	6.093	0.0000	0.415	199.101	0.000	199.101	0.000
13.987	6.428	0.0000	0.448	210.072	0.000	210.072	0.000
14.986	6.759	0.0000	0.481	220.882	0.000	220.882	0.000
15.983	7.082	0.0000	0.515	231.435	0.000	231.435	0.000
16.984	7.399	0.0000	0.548	241.801	0.000	241.801	0.000
17.983	7.711	0.0000	0.581	251.990	0.000	251.990	0.000
18.979	8.017	0.0000	0.615	261.990	0.000	261.990	0.000
19.981	8.325	0.0000	0.648	272.065	0.000	272.065	0.000
20.98	8.634	0.0000	0.681	282.150	0.000	282.150	0.000
21.979	8.943	0.0000	0.715	292.255	0.000	292.255	0.000
22.977	9.250	0.0000	0.748	302.291	0.000	302.291	0.000
23.977	9.543	0.0000	0.781	311.869	0.000	311.869	0.000
24.976	9.832	0.0000	0.814	321.291	0.000	321.291	0.000
25.975	10.109	0.0000	0.848	330.363	0.000	330.363	0.000
26.973	10.383	0.0000	0.881	339.297	0.000	339.297	0.000
27.973	10.636	0.0000	0.914	347.582	0.000	347.582	0.000
28.972	10.871	0.0000	0.948	355.271	0.000	355.271	0.000
29.971	11.091	0.0000	0.981	362.448	0.000	362.448	0.000
30.97	11.288	0.0000	1.014	368.882	0.000	368.882	0.000
31.969	11.460	0.0000	1.048	374.513	0.000	374.513	0.000
32.968	11.619	0.0000	1.081	379.690	0.000	379.690	0.000
33.967	11.768	0.0000	1.114	384.569	0.000	384.569	0.000
34.966	11.916	0.0000	1.147	389.425	0.000	389.425	0.000
35.965	12.066	0.0000	1.181	394.307	0.000	394.307	0.000
36.964	12.199	0.0000	1.214	398.657	0.000	398.657	0.000
37.963	12.280	0.0000	1.247	401.297	0.000	401.297	0.000
38.962	12.316	0.0000	1.281	402.497	0.000	402.497	0.000
39.961	12.337	0.0000	1.314	403.176	0.000	403.176	0.000
40.96	12.371	0.0000	1.347	404.294	0.000	404.294	0.000
41.959	12.422	0.0000	1.381	405.961	0.000	405.961	0.000
42.958	12.467	0.0000	1.414	407.418	0.000	407.418	0.000
43.957	12.475	0.0000	1.447	407.686	0.000	407.686	0.000
44.955	12.481	0.0000	1.480	407.863	0.000	407.863	0.000
45.955	12.491	0.0000	1.514	408.203	0.000	408.203	0.000
46.955	12.510	0.0000	1.547	408.833	0.000	408.833	0.000
47.952	12.527	0.0000	1.580	409.363	0.000	409.363	0.000
48.952	12.530	0.0000	1.614	409.461	0.000	409.461	0.000
49.951	12.519	0.0000	1.647	409.127	0.000	409.127	0.000
50.95	12.503	0.0000	1.680	408.582	0.000	408.582	0.000
51.949	12.488	0.0000	1.714	408.118	0.000	408.118	0.000
52.947	12.491	0.0000	1.747	408.209	0.000	408.209	0.000
53.946	12.487	0.0000	1.780	408.078	0.000	408.078	0.000
54.947	12.480	0.0000	1.813	407.843	0.000	407.843	0.000
55.945	12.475	0.0000	1.847	407.693	0.000	407.693	0.000
56.944	12.461	0.0000	1.880	407.235	0.000	407.235	0.000
57.943	12.462	0.0000	1.913	407.268	0.000	407.268	0.000
58.942	12.465	0.0000	1.947	407.353	0.000	407.353	0.000
59.941	12.460	0.0000	1.980	407.176	0.000	407.176	0.000
60.94	12.455	0.0000	2.013	407.033	0.000	407.033	0.000
61.94	12.471	0.0000	2.047	407.536	0.000	407.536	0.000
62.938	12.474	0.0000	2.080	407.650	0.000	407.650	0.000
63.937	12.469	0.0000	2.113	407.497	0.000	407.497	0.000
64.937	12.487	0.0000	2.146	408.075	0.000	408.075	0.000
65.933	12.475	0.0000	2.180	407.676	0.000	407.676	0.000
66.934	12.451	0.0000	2.213	406.886	0.000	406.886	0.000
67.933	12.465	0.0000	2.246	407.350	0.000	407.350	0.000
68.932	12.490	0.0000	2.280	408.170	0.000	408.170	0.000
69.93	12.501	0.0000	2.313	408.539	0.000	408.539	0.000
70.928	12.513	0.0000	2.346	408.912	0.000	408.912	0.000
71.93	12.534	0.0000	2.380	409.614	0.000	409.614	0.000
72.927	12.542	0.0000	2.413	409.876	0.000	409.876	0.000
73.927	12.494	0.0000	2.446	408.288	0.000	408.288	0.000
74.927	12.470	0.0000	2.479	407.500	0.000	407.500	0.000
75.925	12.489	0.0000	2.513	408.121	0.000	408.121	0.000
76.924	12.492	0.0000	2.546	408.245	0.000	408.245	0.000
77.923	12.521	0.0000	2.579	409.190	0.000	409.190	0.000
78.922	12.539	0.0000	2.613	409.761	0.000	409.761	0.000
79.922	12.532	0.0000	2.646	409.552	0.000	409.552	0.000
80.92	12.552	0.0000	2.679	410.186	0.000	410.186	0.000
81.92	12.566	0.0000	2.713	410.657	0.000	410.657	0.000
82.918	12.563	0.0000	2.746	410.565	0.000	410.565	0.000
83.918	12.516	0.0000	2.779	409.020	0.000	409.020	0.000
84.916	12.460	0.0000	2.812	407.196	0.000	407.196	0.000
85.916	12.427	0.0000	2.846	406.108	0.000	406.108	0.000
86.915	12.423	0.0000	2.879	405.964	0.000	405.964	0.000
87.914	12.392	0.0000	2.912	404.971	0.000	404.971	0.000
88.912	12.321	0.0000	2.946	402.637	0.000	402.637	0.000
89.911	12.296	0.0000	2.979	401.827	0.000	401.827	0.000
90.911	12.240	0.0000	3.012	400.000	0.000	400.000	0.000
91.907	12.289	0.0000	3.046	401.608	0.000	401.608	0.000
92.909	12.381	0.0000	3.079	404.598	0.000	404.598	0.000
93.907	12.437	0.0000	3.112	406.448	0.000	406.448	0.000
94.905	12.434	0.0000	3.145	406.343	0.000	406.343	0.000
95.906	12.440	0.0000	3.179	406.539	0.000	406.539	0.000
96.905	12.452	0.0000	3.212	406.941	0.000	406.941	0.000
97.903	12.469	0.0000	3.245	407.497	0.000	407.497	0.000
98.902	12.477	0.0000	3.279	407.729	0.000	407.729	0.000
99.9	12.464	0.0000	3.312	407.304	0.000	407.304	0.000
100.901	12.439	0.0000	3.345	406.516	0.000	406.516	0.000
101.899	12.432	0.0000	3.379	406.271	0.000	406.271	0.000
102.899	12.474	0.0000	3.412	407.657	0.000	407.657	0.000
103.897	12.508	0.0000	3.445	408.765	0.000	408.765	0.000
104.897	12.524	0.0000	3.478	409.284	0.000	409.284	0.000
105.896	12.524	0.0000	3.512	409.275	0.000	409.275	0.000
106.892	12.513	0.0000	3.545	408.925	0.000	408.925	0.000
107.894	12.497	0.0000	3.578	408.389	0.000	408.389	0.000
108.893	12.447	0.0000	3.612	406.778	0.000	406.778	0.000
109.892	12.447	0.0000	3.645	406.765	0.000	406.765	0.000
110.89	12.472	0.0000	3.678	407.582	0.000	407.582	0.000
111.89	12.490	0.0000	3.712	408.154	0.000	408.154	0.000
112.888	12.497	0.0000	3.745	408.405	0.000	408.405	0.000
113.888	12.503	0.0000	3.778	408.588	0.000	408.588	0.000
114.887	12.500	0.0000	3.811	408.490	0.000	408.490	0.000
115.886	12.476	0.0000	3.845	407.712	0.000	407.712	0.000
116.885	12.438	0.0000	3.878	406.458	0.000	406.458	0.000
117.883	12.393	0.0000	3.911	405.003	0.000	405.003	0.000
118.883	12.351	0.0000	3.945	403.624	0.000	403.624	0.000
119.882	12.346	0.0000	3.978	403.467	0.000	403.467	0.000
120.881	12.392	0.0000	4.011	404.951	0.000	404.951	0.000
121.88	12.417	0.0000	4.045	405.791	0.000	405.791	0.000
122.879	12.433	0.0000	4.078	406.307	0.000	406.307	0.000
123.877	12.434	0.0000	4.111	406.340	0.000	406.340	0.000
124.877	12.417	0.0000	4.144	405.797	0.000	405.797	0.000
125.875	12.411	0.0000	4.178	405.598	0.000	405.598	0.000
126.875	12.419	0.0000	4.211	405.846	0.000	405.846	0.000
127.874	12.409	0.0000	4.244	405.520	0.000	405.520	0.000
128.873	12.396	0.0000	4.278	405.098	0.000	405.098	0.000
129.872	12.384	0.0000	4.311	404.716	0.000	404.716	0.000
130.871	12.379	0.0000	4.344	404.529	0.000	404.529	0.000
131.869	12.362	0.0000	4.378	403.993	0.000	403.993	0.000
132.868	12.380	0.0000	4.411	404.582	0.000	404.582	0.000
133.868	12.395	0.0000	4.444	405.078	0.000	405.078	0.000
134.867	12.404	0.0000	4.477	405.369	0.000	405.369	0.000
135.866	12.383	0.0000	4.511	404.680	0.000	404.680	0.000
136.865	12.338	0.0000	4.544	403.193	0.000	403.193	0.000
137.864	12.313	0.0000	4.577	402.369	0.000	402.369	0.000
138.863	12.338	0.0000	4.611	403.209	0.000	403.209	0.000
139.862	12.381	0.0000	4.644	404.611	0.000	404.611	0.000
140.861	12.427	0.0000	4.677	406.105	0.000	406.105	0.000
141.86	12.447	0.0000	4.711	406.758	0.000	406.758	0.000
142.859	12.467	0.0000	4.744	407.415	0.000	407.415	0.000
143.857	12.488	0.0000	4.777	408.111	0.000	408.111	0.000
144.857	12.506	0.0000	4.810	408.683	0.000	408.683	0.000
145.856	12.507	0.0000	4.844	408.722	0.000	408.722	0.000
146.853	12.447	0.0000	4.877	406.752	0.000	406.752	0.000
147.854	12.367	0.0000	4.910	404.144	0.000	404.144	0.000
148.853	12.226	0.0000	4.944	399.546	0.000	399.546	0.000
149.853	12.181	0.0000	4.977	398.082	0.000	398.082	0.000
150.851	12.191	0.0000	5.010	398.389	0.000	398.389	0.000
151.85	12.232	0.0000	5.044	399.722	0.000	399.722	0.000
152.849	12.304	0.0000	5.077	402.098	0.000	402.098	0.000
153.849	12.360	0.0000	5.110	403.931	0.000	403.931	0.000
154.846	12.394	0.0000	5.143	405.039	0.000	405.039	0.000
155.847	12.416	0.0000	5.177	405.735	0.000	405.735	0.000
156.845	12.431	0.0000	5.210	406.252	0.000	406.252	0.000
157.842	12.431	0.0000	5.243	406.239	0.000	406.239	0.000
158.843	12.426	0.0000	5.277	406.082	0.000	406.082	0.000
159.84	12.434	0.0000	5.310	406.353	0.000	406.353	0.000
160.841	12.445	0.0000	5.343	406.690	0.000	406.690	0.000
161.84	12.450	0.0000	5.377	406.850	0.000	406.850	0.000
162.838	12.454	0.0000	5.410	406.987	0.000	406.987	0.000
163.837	12.449	0.0000	5.443	406.817	0.000	406.817	0.000
164.837	12.432	0.0000	5.476	406.265	0.000	406.265	0.000
165.836	12.436	0.0000	5.510	406.402	0.000	406.402	0.000
166.834	12.446	0.0000	5.543	406.722	0.000	406.722	0.000
167.834	12.452	0.0000	5.576	406.915	0.000	406.915	0.000
168.834	12.440	0.0000	5.610	406.546	0.000	406.546	0.000
169.832	12.419	0.0000	5.643	405.833	0.000	405.833	0.000
170.832	12.394	0.0000	5.676	405.016	0.000	405.016	0.000
171.831	12.375	0.0000	5.710	404.405	0.000	404.405	0.000
172.829	12.371	0.0000	5.743	404.294	0.000	404.294	0.000
173.829	12.409	0.0000	5.776	405.536	0.000	405.536	0.000
174.828	12.424	0.0000	5.809	406.003	0.000	406.003	0.000
175.826	12.444	0.0000	5.843	406.676	0.000	406.676	0.000
176.824	12.469	0.0000	5.876	407.467	0.000	407.467	0.000
177.825	12.492	0.0000	5.909	408.222	0.000	408.222	0.000
178.822	12.505	0.0000	5.943	408.654	0.000	408.654	0.000
179.823	12.513	0.0000	5.976	408.925	0.000	408.925	0.000
180.821	12.518	0.0000	6.009	409.072	0.000	409.072	0.000
181.82	12.512	0.0000	6.043	408.899	0.000	408.899	0.000
182.819	12.491	0.0000	6.076	408.199	0.000	408.199	0.000
183.819	12.453	0.0000	6.109	406.951	0.000	406.951	0.000
184.817	12.426	0.0000	6.142	406.078	0.000	406.078	0.000
185.816	12.428	0.0000	6.176	406.137	0.000	406.137	0.000
186.816	12.432	0.0000	6.209	406.288	0.000	406.288	0.000
187.815	12.440	0.0000	6.242	406.526	0.000	406.526	0.000
188.812	12.445	0.0000	6.276	406.699	0.000	406.699	0.000
189.81	12.442	0.0000	6.309	406.591	0.000	406.591	0.000
190.81	12.440	0.0000	6.342	406.536	0.000	406.536	0.000
191.809	12.433	0.0000	6.376	406.307	0.000	406.307	0.000
192.809	12.434	0.0000	6.409	406.346	0.000	406.346	0.000
193.808	12.431	0.0000	6.442	406.235	0.000	406.235	0.000
194.806	12.422	0.0000	6.475	405.961	0.000	405.961	0.000
195.806	12.407	0.0000	6.509	405.441	0.000	405.441	0.000
196.806	12.387	0.0000	6.542	404.801	0.000	404.801	0.000
197.804	12.373	0.0000	6.575	404.350	0.000	404.350	0.000
198.803	12.363	0.0000	6.609	404.023	0.000	404.023	0.000
199.802	12.353	0.0000	6.642	403.693	0.000	403.693	0.000
200.801	12.346	0.0000	6.675	403.471	0.000	403.471	0.000
201.801	12.338	0.0000	6.709	403.206	0.000	403.206	0.000
202.798	12.329	0.0000	6.742	402.902	0.000	402.902	0.000
203.798	12.321	0.0000	6.775	402.634	0.000	402.634	0.000
204.798	12.311	0.0000	6.808	402.304	0.000	402.304	0.000
205.797	12.301	0.0000	6.842	401.997	0.000	401.997	0.000
206.795	12.289	0.0000	6.875	401.598	0.000	401.598	0.000
207.795	12.274	0.0000	6.908	401.095	0.000	401.095	0.000
208.794	12.257	0.0000	6.942	400.549	0.000	400.549	0.000
209.793	12.233	0.0000	6.975	399.775	0.000	399.775	0.000
210.792	12.187	0.0000	7.008	398.271	0.000	398.271	0.000
211.791	12.319	0.0000	7.042	402.572	0.000	402.572	0.000
212.79	12.424	0.0000	7.075	406.000	0.000	406.000	0.000
213.788	12.480	0.0000	7.108	407.827	0.000	407.827	0.000
214.787	12.519	0.0000	7.141	409.108	0.000	409.108	0.000
215.785	12.554	0.0000	7.175	410.245	0.000	410.245	0.000
216.785	12.586	0.0000	7.208	411.291	0.000	411.291	0.000
217.785	12.615	0.0000	7.241	412.261	0.000	412.261	0.000
218.782	12.643	0.0000	7.275	413.160	0.000	413.160	0.000
219.783	12.668	0.0000	7.308	413.997	0.000	413.997	0.000
220.782	12.691	0.0000	7.341	414.729	0.000	414.729	0.000
221.78	12.712	0.0000	7.375	415.412	0.000	415.412	0.000
222.78	12.731	0.0000	7.408	416.059	0.000	416.059	0.000
223.778	12.749	0.0000	7.441	416.634	0.000	416.634	0.000
224.777	12.765	0.0000	7.474	417.147	0.000	417.147	0.000
225.776	12.779	0.0000	7.508	417.598	0.000	417.598	0.000
226.776	12.791	0.0000	7.541	418.000	0.000	418.000	0.000
227.773	12.802	0.0000	7.574	418.363	0.000	418.363	0.000
228.772	12.812	0.0000	7.608	418.693	0.000	418.693	0.000
229.774	12.823	0.0000	7.641	419.036	0.000	419.036	0.000
230.772	12.831	0.0000	7.674	419.310	0.000	419.310	0.000
231.771	12.839	0.0000	7.708	419.588	0.000	419.588	0.000
232.768	12.850	0.0000	7.741	419.931	0.000	419.931	0.000
233.767	12.859	0.0000	7.774	420.229	0.000	420.229	0.000
234.768	12.867	0.0000	7.807	420.487	0.000	420.487	0.000
235.766	12.876	0.0000	7.841	420.778	0.000	420.778	0.000
236.765	12.885	0.0000	7.874	421.069	0.000	421.069	0.000
237.765	12.892	0.0000	7.907	421.314	0.000	421.314	0.000
238.765	12.899	0.0000	7.941	421.546	0.000	421.546	0.000
239.762	12.907	0.0000	7.974	421.807	0.000	421.807	0.000
240.76	12.915	0.0000	8.007	422.052	0.000	422.052	0.000
241.76	12.923	0.0000	8.041	422.307	0.000	422.307	0.000
242.759	12.930	0.0000	8.074	422.539	0.000	422.539	0.000
243.759	12.937	0.0000	8.107	422.788	0.000	422.788	0.000
244.757	12.945	0.0000	8.140	423.026	0.000	423.026	0.000
245.756	12.952	0.0000	8.174	423.271	0.000	423.271	0.000
246.756	12.958	0.0000	8.207	423.471	0.000	423.471	0.000
247.753	12.965	0.0000	8.240	423.699	0.000	423.699	0.000
248.754	12.973	0.0000	8.274	423.941	0.000	423.941	0.000
249.754	12.980	0.0000	8.307	424.170	0.000	424.170	0.000
250.751	12.987	0.0000	8.340	424.395	0.000	424.395	0.000
251.751	12.993	0.0000	8.374	424.595	0.000	424.595	0.000
252.749	13.000	0.0000	8.407	424.820	0.000	424.820	0.000
253.749	13.008	0.0000	8.440	425.085	0.000	425.085	0.000
254.749	13.014	0.0000	8.473	425.278	0.000	425.278	0.000
255.747	13.021	0.0000	8.507	425.516	0.000	425.516	0.000
256.746	13.027	0.0000	8.540	425.732	0.000	425.732	0.000
257.743	13.034	0.0000	8.573	425.954	0.000	425.954	0.000
258.745	13.042	0.0000	8.607	426.199	0.000	426.199	0.000
259.743	13.048	0.0000	8.640	426.402	0.000	426.402	0.000
260.74	13.054	0.0000	8.673	426.591	0.000	426.591	0.000
261.74	13.061	0.0000	8.707	426.840	0.000	426.840	0.000
262.741	13.068	0.0000	8.740	427.049	0.000	427.049	0.000
263.738	13.073	0.0000	8.773	427.232	0.000	427.232	0.000
264.739	13.080	0.0000	8.806	427.458	0.000	427.458	0.000
265.736	13.087	0.0000	8.840	427.676	0.000	427.676	0.000
266.737	13.093	0.0000	8.873	427.882	0.000	427.882	0.000
267.736	13.100	0.0000	8.906	428.088	0.000	428.088	0.000
268.733	13.106	0.0000	8.940	428.304	0.000	428.304	0.000
269.733	13.112	0.0000	8.973	428.497	0.000	428.497	0.000
270.731	13.117	0.0000	9.006	428.667	0.000	428.667	0.000
271.73	13.123	0.0000	9.040	428.863	0.000	428.863	0.000
272.731	13.130	0.0000	9.073	429.088	0.000	429.088	0.000
273.73	13.136	0.0000	9.106	429.288	0.000	429.288	0.000
274.726	13.143	0.0000	9.140	429.507	0.000	429.507	0.000
275.727	13.149	0.0000	9.173	429.693	0.000	429.693	0.000
276.726	13.154	0.0000	9.206	429.876	0.000	429.876	0.000
277.726	13.160	0.0000	9.239	430.056	0.000	430.056	0.000
278.725	13.167	0.0000	9.273	430.281	0.000	430.281	0.000
279.724	13.173	0.0000	9.306	430.474	0.000	430.474	0.000
280.72	13.178	0.0000	9.339	430.657	0.000	430.657	0.000
281.722	13.184	0.0000	9.373	430.837	0.000	430.837	0.000
282.721	13.189	0.0000	9.406	431.026	0.000	431.026	0.000
283.718	13.195	0.0000	9.439	431.209	0.000	431.209	0.000
284.719	13.201	0.0000	9.473	431.412	0.000	431.412	0.000
285.718	13.206	0.0000	9.506	431.569	0.000	431.569	0.000
286.717	13.212	0.0000	9.539	431.752	0.000	431.752	0.000
287.714	13.217	0.0000	9.572	431.925	0.000	431.925	0.000
288.716	13.222	0.0000	9.606	432.095	0.000	432.095	0.000
289.714	13.227	0.0000	9.639	432.268	0.000	432.268	0.000
290.712	13.233	0.0000	9.672	432.451	0.000	432.451	0.000
291.711	13.239	0.0000	9.706	432.634	0.000	432.634	0.000
292.71	13.244	0.0000	9.739	432.807	0.000	432.807	0.000
293.71	13.249	0.0000	9.772	432.977	0.000	432.977	0.000
294.707	13.254	0.0000	9.805	433.134	0.000	433.134	0.000
295.708	13.259	0.0000	9.839	433.301	0.000	433.301	0.000
296.706	13.266	0.0000	9.872	433.513	0.000	433.513	0.000
297.705	13.270	0.0000	9.905	433.660	0.000	433.660	0.000
298.704	13.275	0.0000	9.939	433.817	0.000	433.817	0.000
299.704	13.281	0.0000	9.972	434.016	0.000	434.016	0.000
300.702	13.286	0.0000	10.005	434.196	0.000	434.196	0.000
301.701	13.291	0.0000	10.039	434.350	0.000	434.350	0.000
302.698	13.296	0.0000	10.072	434.503	0.000	434.503	0.000
303.7	13.301	0.0000	10.105	434.676	0.000	434.676	0.000
304.699	13.306	0.0000	10.139	434.843	0.000	434.843	0.000
305.695	13.312	0.0000	10.172	435.020	0.000	435.020	0.000
306.697	13.316	0.0000	10.205	435.167	0.000	435.167	0.000
307.694	13.321	0.0000	10.238	435.327	0.000	435.327	0.000
308.694	13.326	0.0000	10.272	435.484	0.000	435.484	0.000
309.692	13.331	0.0000	10.305	435.657	0.000	435.657	0.000
310.693	13.335	0.0000	10.338	435.794	0.000	435.794	0.000
311.691	13.340	0.0000	10.372	435.954	0.000	435.954	0.000
312.691	13.345	0.0000	10.405	436.118	0.000	436.118	0.000
313.69	13.350	0.0000	10.438	436.275	0.000	436.275	0.000
314.689	13.355	0.0000	10.472	436.435	0.000	436.435	0.000
315.689	13.359	0.0000	10.505	436.582	0.000	436.582	0.000
316.685	13.364	0.0000	10.538	436.745	0.000	436.745	0.000
317.686	13.369	0.0000	10.571	436.895	0.000	436.895	0.000
318.683	13.375	0.0000	10.605	437.078	0.000	437.078	0.000
319.683	13.379	0.0000	10.638	437.212	0.000	437.212	0.000
320.683	13.383	0.0000	10.671	437.337	0.000	437.337	0.000
321.682	13.387	0.0000	10.705	437.490	0.000	437.490	0.000
322.681	13.391	0.0000	10.738	437.627	0.000	437.627	0.000
323.678	13.396	0.0000	10.771	437.771	0.000	437.771	0.000
324.678	13.400	0.0000	10.805	437.908	0.000	437.908	0.000
325.677	13.405	0.0000	10.838	438.072	0.000	438.072	0.000
326.677	13.410	0.0000	10.871	438.229	0.000	438.229	0.000
327.675	13.414	0.0000	10.904	438.356	0.000	438.356	0.000
328.674	13.417	0.0000	10.938	438.474	0.000	438.474	0.000
329.675	13.421	0.0000	10.971	438.595	0.000	438.595	0.000
330.672	13.426	0.0000	11.004	438.745	0.000	438.745	0.000
331.672	13.430	0.0000	11.038	438.889	0.000	438.889	0.000
332.669	13.435	0.0000	11.071	439.052	0.000	439.052	0.000
333.669	13.439	0.0000	11.104	439.190	0.000	439.190	0.000
334.667	13.443	0.0000	11.138	439.317	0.000	439.317	0.000
335.668	13.447	0.0000	11.171	439.438	0.000	439.438	0.000
336.668	13.450	0.0000	11.204	439.542	0.000	439.542	0.000
337.665	13.455	0.0000	11.237	439.699	0.000	439.699	0.000
338.665	13.460	0.0000	11.271	439.859	0.000	439.859	0.000
339.665	13.464	0.0000	11.304	439.984	0.000	439.984	0.000
340.663	13.468	0.0000	11.337	440.121	0.000	440.121	0.000
341.662	13.472	0.0000	11.371	440.248	0.000	440.248	0.000
342.661	13.475	0.0000	11.404	440.373	0.000	440.373	0.000
343.66	13.480	0.0000	11.437	440.523	0.000	440.523	0.000
344.659	13.484	0.0000	11.471	440.641	0.000	440.641	0.000
345.657	13.489	0.0000	11.504	440.801	0.000	440.801	0.000
346.658	13.492	0.0000	11.537	440.918	0.000	440.918	0.000
347.656	13.496	0.0000	11.570	441.039	0.000	441.039	0.000
348.656	13.500	0.0000	11.604	441.176	0.000	441.176	0.000
349.655	13.505	0.0000	11.637	441.340	0.000	441.340	0.000
350.653	13.507	0.0000	11.670	441.418	0.000	441.418	0.000
351.653	13.512	0.0000	11.704	441.559	0.000	441.559	0.000
352.649	13.515	0.0000	11.737	441.667	0.000	441.667	0.000
353.65	13.520	0.0000	11.770	441.830	0.000	441.830	0.000
354.647	13.523	0.0000	11.804	441.931	0.000	441.931	0.000
355.647	13.526	0.0000	11.837	442.036	0.000	442.036	0.000
356.646	13.530	0.0000	11.870	442.157	0.000	442.157	0.000
357.645	13.535	0.0000	11.903	442.320	0.000	442.320	0.000
358.644	13.538	0.0000	11.937	442.405	0.000	442.405	0.000
359.643	13.541	0.0000	11.970	442.503	0.000	442.503	0.000
360.641	13.545	0.0000	12.003	442.647	0.000	442.647	0.000
361.642	13.550	0.0000	12.037	442.807	0.000	442.807	0.000
362.641	13.552	0.0000	12.070	442.866	0.000	442.866	0.000
363.64	13.555	0.0000	12.103	442.984	0.000	442.984	0.000
364.638	13.560	0.0000	12.137	443.137	0.000	443.137	0.000
365.637	13.564	0.0000	12.170	443.265	0.000	443.265	0.000
366.637	13.566	0.0000	12.203	443.340	0.000	443.340	0.000
367.636	13.570	0.0000	12.236	443.464	0.000	443.464	0.000
368.635	13.574	0.0000	12.270	443.591	0.000	443.591	0.000
369.633	13.577	0.0000	12.303	443.696	0.000	443.696	0.000
370.633	13.580	0.0000	12.336	443.791	0.000	443.791	0.000
371.632	13.584	0.0000	12.370	443.918	0.000	443.918	0.000
372.631	13.587	0.0000	12.403	444.026	0.000	444.026	0.000
373.63	13.590	0.0000	12.436	444.118	0.000	444.118	0.000
374.63	13.595	0.0000	12.470	444.278	0.000	444.278	0.000
375.627	13.597	0.0000	12.503	444.343	0.000	444.343	0.000
376.628	13.600	0.0000	12.536	444.444	0.000	444.444	0.000
377.625	13.604	0.0000	12.569	444.578	0.000	444.578	0.000
378.625	13.607	0.0000	12.603	444.680	0.000	444.680	0.000
379.625	13.610	0.0000	12.636	444.771	0.000	444.771	0.000
380.623	13.615	0.0000	12.669	444.935	0.000	444.935	0.000
381.621	13.616	0.0000	12.703	444.971	0.000	444.971	0.000
382.622	13.620	0.0000	12.736	445.098	0.000	445.098	0.000
383.621	13.622	0.0000	12.769	445.163	0.000	445.163	0.000
384.62	13.625	0.0000	12.803	445.261	0.000	445.261	0.000
385.617	13.628	0.0000	12.836	445.343	0.000	445.343	0.000
386.617	13.631	0.0000	12.869	445.454	0.000	445.454	0.000
387.616	13.635	0.0000	12.902	445.588	0.000	445.588	0.000
388.616	13.637	0.0000	12.936	445.644	0.000	445.644	0.000
389.615	13.640	0.0000	12.969	445.752	0.000	445.752	0.000
390.614	13.644	0.0000	13.002	445.895	0.000	445.895	0.000
391.612	13.647	0.0000	13.036	445.977	0.000	445.977	0.000
392.612	13.650	0.0000	13.069	446.078	0.000	446.078	0.000
393.611	13.653	0.0000	13.102	446.176	0.000	446.176	0.000
394.609	13.655	0.0000	13.136	446.242	0.000	446.242	0.000
395.608	13.660	0.0000	13.169	446.402	0.000	446.402	0.000
396.608	13.660	0.0000	13.202	446.415	0.000	446.415	0.000
397.607	13.665	0.0000	13.235	446.569	0.000	446.569	0.000
398.605	13.667	0.0000	13.269	446.647	0.000	446.647	0.000
399.605	13.670	0.0000	13.302	446.732	0.000	446.732	0.000
400.601	13.674	0.0000	13.335	446.846	0.000	446.846	0.000
401.601	13.675	0.0000	13.369	446.899	0.000	446.899	0.000
402.602	13.680	0.0000	13.402	447.059	0.000	447.059	0.000
403.6	13.681	0.0000	13.435	447.091	0.000	447.091	0.000
404.6	13.685	0.0000	13.469	447.222	0.000	447.222	0.000
405.597	13.686	0.0000	13.502	447.261	0.000	447.261	0.000
406.598	13.690	0.0000	13.535	447.386	0.000	447.386	0.000
407.598	13.692	0.0000	13.568	447.458	0.000	447.458	0.000
408.596	13.695	0.0000	13.602	447.549	0.000	447.549	0.000
409.593	13.697	0.0000	13.635	447.598	0.000	447.598	0.000
410.594	13.700	0.0000	13.668	447.712	0.000	447.712	0.000
411.593	13.703	0.0000	13.702	447.807	0.000	447.807	0.000
412.591	13.705	0.0000	13.735	447.876	0.000	447.876	0.000
413.589	13.706	0.0000	13.768	447.918	0.000	447.918	0.000
414.588	13.710	0.0000	13.802	448.039	0.000	448.039	0.000
415.589	13.711	0.0000	13.835	448.069	0.000	448.069	0.000
416.588	13.715	0.0000	13.868	448.203	0.000	448.203	0.000
417.586	13.717	0.0000	13.901	448.278	0.000	448.278	0.000
418.585	13.720	0.0000	13.935	448.366	0.000	448.366	0.000
419.583	13.721	0.0000	13.968	448.408	0.000	448.408	0.000
420.583	13.725	0.0000	14.001	448.529	0.000	448.529	0.000
421.583	13.726	0.0000	14.035	448.572	0.000	448.572	0.000
422.583	13.730	0.0000	14.068	448.693	0.000	448.693	0.000
423.581	13.731	0.0000	14.101	448.729	0.000	448.729	0.000
424.58	13.735	0.0000	14.135	448.856	0.000	448.856	0.000
425.579	13.735	0.0000	14.168	448.856	0.000	448.856	0.000
426.579	13.740	0.0000	14.201	449.003	0.000	449.003	0.000
427.575	13.740	0.0000	14.234	449.020	0.000	449.020	0.000
428.575	13.745	0.0000	14.268	449.173	0.000	449.173	0.000
429.575	13.745	0.0000	14.301	449.183	0.000	449.183	0.000
430.574	13.749	0.0000	14.334	449.310	0.000	449.310	0.000
431.572	13.750	0.0000	14.368	449.346	0.000	449.346	0.000
432.572	13.752	0.0000	14.401	449.422	0.000	449.422	0.000
433.569	13.755	0.0000	14.434	449.510	0.000	449.510	0.000
434.571	13.759	0.0000	14.468	449.644	0.000	449.644	0.000
435.568	13.760	0.0000	14.501	449.673	0.000	449.673	0.000
436.567	13.761	0.0000	14.534	449.706	0.000	449.706	0.000
437.567	13.765	0.0000	14.567	449.837	0.000	449.837	0.000
438.564	13.769	0.0000	14.601	449.951	0.000	449.951	0.000
439.566	13.770	0.0000	14.634	450.000	0.000	450.000	0.000
440.563	13.770	0.0000	14.667	450.000	0.000	450.000	0.000
441.564	13.774	0.0000	14.701	450.118	0.000	450.118	0.000
442.563	13.775	0.0000	14.734	450.163	0.000	450.163	0.000
443.561	13.777	0.0000	14.767	450.225	0.000	450.225	0.000
444.56	13.780	0.0000	14.801	450.327	0.000	450.327	0.000
445.56	13.780	0.0000	14.834	450.327	0.000	450.327	0.000
446.558	13.784	0.0000	14.867	450.467	0.000	450.467	0.000
447.557	13.785	0.0000	14.900	450.490	0.000	450.490	0.000
448.556	13.786	0.0000	14.934	450.510	0.000	450.510	0.000
449.555	13.790	0.0000	14.967	450.654	0.000	450.654	0.000
450.555	13.790	0.0000	15.000	450.654	0.000	450.654	0.000
451.552	13.794	0.0000	15.034	450.788	0.000	450.788	0.000
452.553	13.795	0.0000	15.067	450.817	0.000	450.817	0.000
453.551	13.798	0.0000	15.100	450.928	0.000	450.928	0.000
454.55	13.800	0.0000	15.134	450.980	0.000	450.980	0.000
455.548	13.800	0.0000	15.167	450.980	0.000	450.980	0.000
456.547	13.804	0.0000	15.200	451.124	0.000	451.124	0.000
457.547	13.805	0.0000	15.233	451.144	0.000	451.144	0.000
458.545	13.805	0.0000	15.267	451.144	0.000	451.144	0.000
459.546	13.809	0.0000	15.300	451.288	0.000	451.288	0.000
460.544	13.810	0.0000	15.333	451.307	0.000	451.307	0.000
461.543	13.812	0.0000	15.367	451.382	0.000	451.382	0.000
462.543	13.815	0.0000	15.400	451.471	0.000	451.471	0.000
463.541	13.815	0.0000	15.433	451.471	0.000	451.471	0.000
464.54	13.819	0.0000	15.467	451.591	0.000	451.591	0.000
465.539	13.820	0.0000	15.500	451.634	0.000	451.634	0.000
466.539	13.820	0.0000	15.533	451.634	0.000	451.634	0.000
467.538	13.825	0.0000	15.566	451.784	0.000	451.784	0.000
468.536	13.825	0.0000	15.600	451.797	0.000	451.797	0.000
469.536	13.828	0.0000	15.633	451.899	0.000	451.899	0.000
470.533	13.830	0.0000	15.666	451.961	0.000	451.961	0.000
471.533	13.830	0.0000	15.700	451.961	0.000	451.961	0.000
472.531	13.830	0.0000	15.733	451.961	0.000	451.961	0.000
473.531	13.834	0.0000	15.766	452.082	0.000	452.082	0.000
474.529	13.835	0.0000	15.800	452.124	0.000	452.124	0.000
475.53	13.835	0.0000	15.833	452.137	0.000	452.137	0.000
476.529	13.840	0.0000	15.866	452.288	0.000	452.288	0.000
477.527	13.840	0.0000	15.899	452.288	0.000	452.288	0.000
478.527	13.841	0.0000	15.933	452.320	0.000	452.320	0.000
479.525	13.845	0.0000	15.966	452.451	0.000	452.451	0.000
480.525	13.845	0.0000	15.999	452.451	0.000	452.451	0.000
481.524	13.846	0.0000	16.033	452.484	0.000	452.484	0.000
482.521	13.850	0.0000	16.066	452.614	0.000	452.614	0.000
483.521	13.850	0.0000	16.099	452.614	0.000	452.614	0.000
484.521	13.852	0.0000	16.133	452.680	0.000	452.680	0.000
485.519	13.855	0.0000	16.166	452.778	0.000	452.778	0.000
486.518	13.855	0.0000	16.199	452.778	0.000	452.778	0.000
487.518	13.855	0.0000	16.232	452.791	0.000	452.791	0.000
488.515	13.860	0.0000	16.266	452.941	0.000	452.941	0.000
489.514	13.860	0.0000	16.299	452.941	0.000	452.941	0.000
490.514	13.860	0.0000	16.332	452.941	0.000	452.941	0.000
491.512	13.860	0.0000	16.366	452.941	0.000	452.941	0.000
492.512	13.864	0.0000	16.399	453.059	0.000	453.059	0.000
493.509	13.865	0.0000	16.432	453.105	0.000	453.105	0.000
494.51	13.865	0.0000	16.466	453.105	0.000	453.105	0.000
495.51	13.869	0.0000	16.499	453.219	0.000	453.219	0.000
496.507	13.870	0.0000	16.532	453.268	0.000	453.268	0.000
497.508	13.870	0.0000	16.565	453.268	0.000	453.268	0.000
498.505	13.874	0.0000	16.599	453.412	0.000	453.412	0.000
499.506	13.875	0.0000	16.632	453.431	0.000	453.431	0.000
500.505	13.875	0.0000	16.665	453.431	0.000	453.431	0.000
501.503	13.875	0.0000	16.699	453.431	0.000	453.431	0.000
502.503	13.879	0.0000	16.732	453.546	0.000	453.546	0.000
503.502	13.880	0.0000	16.765	453.595	0.000	453.595	0.000
504.501	13.880	0.0000	16.799	453.595	0.000	453.595	0.000
505.499	13.880	0.0000	16.832	453.595	0.000	453.595	0.000
506.499	13.881	0.0000	16.865	453.641	0.000	453.641	0.000
507.497	13.885	0.0000	16.898	453.758	0.000	453.758	0.000
508.497	13.885	0.0000	16.932	453.758	0.000	453.758	0.000
509.495	13.885	0.0000	16.965	453.758	0.000	453.758	0.000
510.494	13.885	0.0000	16.998	453.758	0.000	453.758	0.000
511.494	13.890	0.0000	17.032	453.918	0.000	453.918	0.000
512.492	13.890	0.0000	17.065	453.922	0.000	453.922	0.000
513.491	13.890	0.0000	17.098	453.922	0.000	453.922	0.000
514.489	13.890	0.0000	17.132	453.922	0.000	453.922	0.000
515.489	13.895	0.0000	17.165	454.082	0.000	454.082	0.000
516.488	13.895	0.0000	17.198	454.085	0.000	454.085	0.000
517.487	13.895	0.0000	17.231	454.085	0.000	454.085	0.000
518.488	13.895	0.0000	17.265	454.095	0.000	454.095	0.000
519.485	13.900	0.0000	17.298	454.248	0.000	454.248	0.000
520.485	13.900	0.0000	17.331	454.248	0.000	454.248	0.000
521.483	13.900	0.0000	17.365	454.248	0.000	454.248	0.000
522.482	13.900	0.0000	17.398	454.248	0.000	454.248	0.000
523.482	13.902	0.0000	17.431	454.307	0.000	454.307	0.000
524.481	13.905	0.0000	17.465	454.412	0.000	454.412	0.000
525.479	13.905	0.0000	17.498	454.412	0.000	454.412	0.000
526.479	13.905	0.0000	17.531	454.412	0.000	454.412	0.000
527.478	13.905	0.0000	17.564	454.412	0.000	454.412	0.000
528.476	13.905	0.0000	17.598	454.422	0.000	454.422	0.000
529.475	13.910	0.0000	17.631	454.575	0.000	454.575	0.000
530.474	13.910	0.0000	17.664	454.575	0.000	454.575	0.000
531.474	13.910	0.0000	17.698	454.575	0.000	454.575	0.000
532.472	13.910	0.0000	17.731	454.575	0.000	454.575	0.000
533.472	13.911	0.0000	17.764	454.614	0.000	454.614	0.000
534.471	13.912	0.0000	17.798	454.644	0.000	454.644	0.000
535.469	13.915	0.0000	17.831	454.739	0.000	454.739	0.000
536.468	13.915	0.0000	17.864	454.739	0.000	454.739	0.000
537.469	13.915	0.0000	17.897	454.739	0.000	454.739	0.000
538.467	13.915	0.0000	17.931	454.739	0.000	454.739	0.000
539.466	13.915	0.0000	17.964	454.739	0.000	454.739	0.000
540.465	13.916	0.0000	17.997	454.768	0.000	454.768	0.000
541.465	13.920	0.0000	18.031	454.902	0.000	454.902	0.000
542.464	13.920	0.0000	18.064	454.902	0.000	454.902	0.000
543.462	13.920	0.0000	18.097	454.902	0.000	454.902	0.000
544.461	13.920	0.0000	18.131	454.902	0.000	454.902	0.000
545.461	13.923	0.0000	18.164	455.000	0.000	455.000	0.000
546.46	13.925	0.0000	18.197	455.065	0.000	455.065	0.000
547.459	13.925	0.0000	18.231	455.065	0.000	455.065	0.000
548.458	13.925	0.0000	18.264	455.065	0.000	455.065	0.000
549.457	13.925	0.0000	18.297	455.065	0.000	455.065	0.000
550.456	13.925	0.0000	18.330	455.065	0.000	455.065	0.000
551.455	13.925	0.0000	18.364	455.065	0.000	455.065	0.000
552.454	13.930	0.0000	18.397	455.216	0.000	455.216	0.000
553.452	13.930	0.0000	18.430	455.229	0.000	455.229	0.000
554.452	13.930	0.0000	18.464	455.229	0.000	455.229	0.000
555.451	13.930	0.0000	18.497	455.229	0.000	455.229	0.000
556.45	13.930	0.0000	18.530	455.229	0.000	455.229	0.000
557.449	13.931	0.0000	18.564	455.248	0.000	455.248	0.000
558.448	13.935	0.0000	18.597	455.392	0.000	455.392	0.000
559.446	13.935	0.0000	18.630	455.392	0.000	455.392	0.000
560.445	13.935	0.0000	18.663	455.392	0.000	455.392	0.000
561.445	13.935	0.0000	18.697	455.392	0.000	455.392	0.000
562.444	13.935	0.0000	18.730	455.392	0.000	455.392	0.000
563.443	13.935	0.0000	18.763	455.392	0.000	455.392	0.000
564.442	13.935	0.0000	18.797	455.392	0.000	455.392	0.000
565.44	13.935	0.0000	18.830	455.392	0.000	455.392	0.000
566.44	13.938	0.0000	18.863	455.497	0.000	455.497	0.000
567.438	13.940	0.0000	18.897	455.556	0.000	455.556	0.000
568.438	13.940	0.0000	18.930	455.556	0.000	455.556	0.000
569.437	13.940	0.0000	18.963	455.556	0.000	455.556	0.000
570.436	13.940	0.0000	18.996	455.556	0.000	455.556	0.000
571.434	13.940	0.0000	19.030	455.556	0.000	455.556	0.000
572.434	13.940	0.0000	19.063	455.556	0.000	455.556	0.000
573.433	13.940	0.0000	19.096	455.556	0.000	455.556	0.000
574.429	13.944	0.0000	19.130	455.676	0.000	455.676	0.000
575.43	13.945	0.0000	19.163	455.719	0.000	455.719	0.000
576.43	13.945	0.0000	19.196	455.719	0.000	455.719	0.000
577.429	13.945	0.0000	19.230	455.719	0.000	455.719	0.000
578.425	13.945	0.0000	19.263	455.719	0.000	455.719	0.000
579.425	13.945	0.0000	19.296	455.719	0.000	455.719	0.000
580.424	13.945	0.0000	19.329	455.719	0.000	455.719	0.000
581.425	13.945	0.0000	19.363	455.719	0.000	455.719	0.000
582.424	13.946	0.0000	19.396	455.758	0.000	455.758	0.000
583.422	13.950	0.0000	19.429	455.882	0.000	455.882	0.000
584.422	13.950	0.0000	19.463	455.882	0.000	455.882	0.000
585.421	13.950	0.0000	19.496	455.882	0.000	455.882	0.000
586.42	13.950	0.0000	19.529	455.882	0.000	455.882	0.000
587.419	13.950	0.0000	19.563	455.882	0.000	455.882	0.000
588.418	13.950	0.0000	19.596	455.882	0.000	455.882	0.000
589.417	13.950	0.0000	19.629	455.882	0.000	455.882	0.000
590.416	13.950	0.0000	19.662	455.882	0.000	455.882	0.000
591.414	13.950	0.0000	19.696	455.882	0.000	455.882	0.000
592.414	13.950	0.0000	19.729	455.882	0.000	455.882	0.000
593.412	13.952	0.0000	19.762	455.948	0.000	455.948	0.000
594.412	13.955	0.0000	19.796	456.046	0.000	456.046	0.000
595.411	13.955	0.0000	19.829	456.046	0.000	456.046	0.000
596.41	13.955	0.0000	19.862	456.046	0.000	456.046	0.000
597.409	13.955	0.0000	19.896	456.046	0.000	456.046	0.000
598.407	13.955	0.0000	19.929	456.046	0.000	456.046	0.000
599.407	13.955	0.0000	19.962	456.046	0.000	456.046	0.000
600.406	13.955	0.0000	19.995	456.046	0.000	456.046	0.000
601.405	13.955	0.0000	20.029	456.046	0.000	456.046	0.000
602.404	13.955	0.0000	20.062	456.046	0.000	456.046	0.000
603.403	13.955	0.0000	20.095	456.046	0.000	456.046	0.000
604.402	13.955	0.0000	20.129	456.046	0.000	456.046	0.000
605.401	13.955	0.0000	20.162	456.046	0.000	456.046	0.000
606.4	13.957	0.0000	20.195	456.095	0.000	456.095	0.000
607.4	13.955	0.0000	20.229	456.046	0.000	456.046	0.000
608.398	13.956	0.0000	20.262	456.082	0.000	456.082	0.000
609.397	13.960	0.0000	20.295	456.209	0.000	456.209	0.000
610.396	13.960	0.0000	20.328	456.209	0.000	456.209	0.000
611.394	13.958	0.0000	20.362	456.147	0.000	456.147	0.000
612.395	13.960	0.0000	20.395	456.209	0.000	456.209	0.000
613.393	13.960	0.0000	20.428	456.209	0.000	456.209	0.000
614.392	13.960	0.0000	20.462	456.209	0.000	456.209	0.000
615.391	13.960	0.0000	20.495	456.209	0.000	456.209	0.000
616.39	13.960	0.0000	20.528	456.209	0.000	456.209	0.000
617.389	13.960	0.0000	20.562	456.209	0.000	456.209	0.000
618.389	13.960	0.0000	20.595	456.209	0.000	456.209	0.000
619.387	13.960	0.0000	20.628	456.209	0.000	456.209	0.000
620.386	13.960	0.0000	20.661	456.209	0.000	456.209	0.000
621.386	13.960	0.0000	20.695	456.209	0.000	456.209	0.000
622.384	13.960	0.0000	20.728	456.209	0.000	456.209	0.000
623.383	13.960	0.0000	20.761	456.209	0.000	456.209	0.000
624.382	13.960	0.0000	20.795	456.209	0.000	456.209	0.000
625.381	13.960	0.0000	20.828	456.209	0.000	456.209	0.000
626.38	13.960	0.0000	20.861	456.209	0.000	456.209	0.000
627.379	13.960	0.0000	20.895	456.209	0.000	456.209	0.000
628.378	13.960	0.0000	20.928	456.209	0.000	456.209	0.000
629.378	13.960	0.0000	20.961	456.209	0.000	456.209	0.000
630.377	13.960	0.0000	20.994	456.209	0.000	456.209	0.000
631.374	13.960	0.0000	21.028	456.209	0.000	456.209	0.000
632.374	13.960	0.0000	21.061	456.209	0.000	456.209	0.000
633.374	13.960	0.0000	21.094	456.209	0.000	456.209	0.000
634.372	13.960	0.0000	21.128	456.209	0.000	456.209	0.000
635.371	13.960	0.0000	21.161	456.209	0.000	456.209	0.000
636.37	13.960	0.0000	21.194	456.209	0.000	456.209	0.000
637.37	13.960	0.0000	21.228	456.209	0.000	456.209	0.000
638.369	13.960	0.0000	21.261	456.209	0.000	456.209	0.000
639.365	13.960	0.0000	21.294	456.209	0.000	456.209	0.000
640.365	13.960	0.0000	21.327	456.209	0.000	456.209	0.000
641.366	13.960	0.0000	21.361	456.209	0.000	456.209	0.000
642.364	13.960	0.0000	21.394	456.209	0.000	456.209	0.000
643.363	13.960	0.0000	21.427	456.209	0.000	456.209	0.000
644.362	13.960	0.0000	21.461	456.209	0.000	456.209	0.000
645.362	13.960	0.0000	21.494	456.209	0.000	456.209	0.000
646.361	13.960	0.0000	21.527	456.209	0.000	456.209	0.000
647.36	13.960	0.0000	21.561	456.209	0.000	456.209	0.000
648.359	13.960	0.0000	21.594	456.209	0.000	456.209	0.000
649.357	13.960	0.0000	21.627	456.209	0.000	456.209	0.000
650.357	13.960	0.0000	21.660	456.209	0.000	456.209	0.000
651.355	13.960	0.0000	21.694	456.209	0.000	456.209	0.000
652.354	13.960	0.0000	21.727	456.209	0.000	456.209	0.000
653.354	13.960	0.0000	21.760	456.209	0.000	456.209	0.000
654.351	13.960	0.0000	21.794	456.209	0.000	456.209	0.000
655.352	13.960	0.0000	21.827	456.209	0.000	456.209	0.000
656.351	13.960	0.0000	21.860	456.209	0.000	456.209	0.000
657.35	13.960	0.0000	21.894	456.209	0.000	456.209	0.000
658.349	13.959	0.0000	21.927	456.163	0.000	456.163	0.000
659.347	13.955	0.0000	21.960	456.046	0.000	456.046	0.000
660.346	13.955	0.0000	21.993	456.046	0.000	456.046	0.000
661.346	13.955	0.0000	22.027	456.046	0.000	456.046	0.000
662.344	13.955	0.0000	22.060	456.046	0.000	456.046	0.000
663.344	13.955	0.0000	22.093	456.046	0.000	456.046	0.000
664.342	13.955	0.0000	22.127	456.046	0.000	456.046	0.000
665.341	13.955	0.0000	22.160	456.046	0.000	456.046	0.000
666.341	13.955	0.0000	22.193	456.046	0.000	456.046	0.000
667.34	13.955	0.0000	22.227	456.046	0.000	456.046	0.000
668.339	13.955	0.0000	22.260	456.046	0.000	456.046	0.000
669.338	13.955	0.0000	22.293	456.046	0.000	456.046	0.000
670.337	13.955	0.0000	22.326	456.046	0.000	456.046	0.000
671.336	13.955	0.0000	22.360	456.046	0.000	456.046	0.000
672.335	13.955	0.0000	22.393	456.046	0.000	456.046	0.000
673.334	13.955	0.0000	22.426	456.046	0.000	456.046	0.000
674.333	13.955	0.0000	22.460	456.046	0.000	456.046	0.000
675.332	13.955	0.0000	22.493	456.046	0.000	456.046	0.000
676.33	13.951	0.0000	22.526	455.908	0.000	455.908	0.000
677.33	13.950	0.0000	22.560	455.882	0.000	455.882	0.000
678.329	13.950	0.0000	22.593	455.882	0.000	455.882	0.000
679.328	13.950	0.0000	22.626	455.882	0.000	455.882	0.000
680.327	13.950	0.0000	22.659	455.882	0.000	455.882	0.000
681.326	13.950	0.0000	22.693	455.882	0.000	455.882	0.000
682.325	13.950	0.0000	22.726	455.882	0.000	455.882	0.000
683.324	13.950	0.0000	22.759	455.882	0.000	455.882	0.000
684.323	13.950	0.0000	22.793	455.882	0.000	455.882	0.000
685.322	13.950	0.0000	22.826	455.882	0.000	455.882	0.000
686.321	13.947	0.0000	22.859	455.791	0.000	455.791	0.000
687.32	13.945	0.0000	22.893	455.719	0.000	455.719	0.000
688.319	13.945	0.0000	22.926	455.719	0.000	455.719	0.000
689.318	13.945	0.0000	22.959	455.719	0.000	455.719	0.000
690.317	13.945	0.0000	22.992	455.719	0.000	455.719	0.000
691.316	13.945	0.0000	23.026	455.719	0.000	455.719	0.000
692.315	13.945	0.0000	23.059	455.719	0.000	455.719	0.000
693.315	13.945	0.0000	23.092	455.719	0.000	455.719	0.000
694.313	13.945	0.0000	23.126	455.719	0.000	455.719	0.000
695.312	13.945	0.0000	23.159	455.719	0.000	455.719	0.000
696.311	13.943	0.0000	23.192	455.654	0.000	455.654	0.000
697.31	13.940	0.0000	23.226	455.556	0.000	455.556	0.000
698.309	13.940	0.0000	23.259	455.556	0.000	455.556	0.000
699.308	13.940	0.0000	23.292	455.556	0.000	455.556	0.000
700.307	13.940	0.0000	23.325	455.556	0.000	455.556	0.000
701.306	13.940	0.0000	23.359	455.556	0.000	455.556	0.000
702.305	13.938	0.0000	23.392	455.497	0.000	455.497	0.000
703.304	13.935	0.0000	23.425	455.392	0.000	455.392	0.000
704.304	13.935	0.0000	23.459	455.392	0.000	455.392	0.000
705.302	13.935	0.0000	23.492	455.392	0.000	455.392	0.000
706.301	13.935	0.0000	23.525	455.392	0.000	455.392	0.000
707.3	13.935	0.0000	23.559	455.392	0.000	455.392	0.000
708.299	13.933	0.0000	23.592	455.314	0.000	455.314	0.000
709.298	13.930	0.0000	23.625	455.229	0.000	455.229	0.000
710.296	13.930	0.0000	23.658	455.229	0.000	455.229	0.000
711.297	13.930	0.0000	23.692	455.229	0.000	455.229	0.000
712.294	13.930	0.0000	23.725	455.229	0.000	455.229	0.000
713.294	13.926	0.0000	23.758	455.105	0.000	455.105	0.000
714.292	13.925	0.0000	23.792	455.065	0.000	455.065	0.000
715.293	13.925	0.0000	23.825	455.065	0.000	455.065	0.000
716.291	13.925	0.0000	23.858	455.065	0.000	455.065	0.000
717.29	13.925	0.0000	23.892	455.065	0.000	455.065	0.000
718.29	13.925	0.0000	23.925	455.065	0.000	455.065	0.000
719.289	13.921	0.0000	23.958	454.925	0.000	454.925	0.000
720.288	13.920	0.0000	23.991	454.902	0.000	454.902	0.000
721.286	13.920	0.0000	24.025	454.902	0.000	454.902	0.000
722.284	13.920	0.0000	24.058	454.902	0.000	454.902	0.000
723.284	13.920	0.0000	24.091	454.902	0.000	454.902	0.000
724.283	13.916	0.0000	24.125	454.771	0.000	454.771	0.000
725.282	13.915	0.0000	24.158	454.739	0.000	454.739	0.000
726.282	13.915	0.0000	24.191	454.739	0.000	454.739	0.000
727.28	13.915	0.0000	24.225	454.739	0.000	454.739	0.000
728.28	13.910	0.0000	24.258	454.575	0.000	454.575	0.000
729.278	13.910	0.0000	24.291	454.575	0.000	454.575	0.000
730.278	13.910	0.0000	24.324	454.575	0.000	454.575	0.000
731.275	13.910	0.0000	24.358	454.575	0.000	454.575	0.000
732.276	13.906	0.0000	24.391	454.441	0.000	454.441	0.000
733.273	13.905	0.0000	24.424	454.412	0.000	454.412	0.000
734.273	13.905	0.0000	24.458	454.412	0.000	454.412	0.000
735.272	13.903	0.0000	24.491	454.333	0.000	454.333	0.000
736.271	13.900	0.0000	24.524	454.248	0.000	454.248	0.000
737.27	13.900	0.0000	24.558	454.248	0.000	454.248	0.000
738.268	13.900	0.0000	24.591	454.248	0.000	454.248	0.000
739.268	13.896	0.0000	24.624	454.108	0.000	454.108	0.000
740.268	13.895	0.0000	24.657	454.085	0.000	454.085	0.000
741.266	13.895	0.0000	24.691	454.085	0.000	454.085	0.000
742.265	13.890	0.0000	24.724	453.922	0.000	453.922	0.000
743.264	13.890	0.0000	24.757	453.922	0.000	453.922	0.000
744.262	13.888	0.0000	24.791	453.859	0.000	453.859	0.000
745.262	13.885	0.0000	24.824	453.758	0.000	453.758	0.000
746.261	13.885	0.0000	24.857	453.758	0.000	453.758	0.000
747.26	13.881	0.0000	24.891	453.634	0.000	453.634	0.000
748.26	13.880	0.0000	24.924	453.595	0.000	453.595	0.000
749.259	13.879	0.0000	24.957	453.556	0.000	453.556	0.000
750.256	13.875	0.0000	24.990	453.431	0.000	453.431	0.000
751.256	13.875	0.0000	25.024	453.431	0.000	453.431	0.000
752.256	13.871	0.0000	25.057	453.288	0.000	453.288	0.000
753.255	13.870	0.0000	25.090	453.268	0.000	453.268	0.000
754.251	13.866	0.0000	25.124	453.144	0.000	453.144	0.000
755.252	13.865	0.0000	25.157	453.105	0.000	453.105	0.000
756.252	13.863	0.0000	25.190	453.049	0.000	453.049	0.000
757.25	13.860	0.0000	25.224	452.941	0.000	452.941	0.000
758.25	13.857	0.0000	25.257	452.833	0.000	452.833	0.000
759.248	13.855	0.0000	25.290	452.778	0.000	452.778	0.000
760.248	13.855	0.0000	25.323	452.765	0.000	452.765	0.000
761.246	13.850	0.0000	25.357	452.614	0.000	452.614	0.000
762.245	13.847	0.0000	25.390	452.513	0.000	452.513	0.000
763.243	13.845	0.0000	25.423	452.451	0.000	452.451	0.000
764.244	13.840	0.0000	25.457	452.301	0.000	452.301	0.000
765.241	13.839	0.0000	25.490	452.268	0.000	452.268	0.000
766.24	13.835	0.0000	25.523	452.124	0.000	452.124	0.000
767.24	13.832	0.0000	25.557	452.013	0.000	452.013	0.000
768.239	13.829	0.0000	25.590	451.935	0.000	451.935	0.000
769.239	13.825	0.0000	25.623	451.797	0.000	451.797	0.000
770.236	13.822	0.0000	25.656	451.699	0.000	451.699	0.000
771.236	13.818	0.0000	25.690	451.575	0.000	451.575	0.000
772.236	13.814	0.0000	25.723	451.438	0.000	451.438	0.000
773.234	13.810	0.0000	25.756	451.307	0.000	451.307	0.000
774.234	13.807	0.0000	25.790	451.196	0.000	451.196	0.000
775.233	13.803	0.0000	25.823	451.065	0.000	451.065	0.000
776.232	13.798	0.0000	25.856	450.915	0.000	450.915	0.000
777.231	13.795	0.0000	25.890	450.817	0.000	450.817	0.000
778.231	13.791	0.0000	25.923	450.680	0.000	450.680	0.000
779.23	13.786	0.0000	25.956	450.516	0.000	450.516	0.000
780.227	13.782	0.0000	25.989	450.395	0.000	450.395	0.000
781.226	13.777	0.0000	26.023	450.239	0.000	450.239	0.000
782.225	13.772	0.0000	26.056	450.078	0.000	450.078	0.000
783.224	13.767	0.0000	26.089	449.912	0.000	449.912	0.000
784.224	13.763	0.0000	26.123	449.768	0.000	449.768	0.000
785.222	13.757	0.0000	26.156	449.585	0.000	449.585	0.000
786.221	13.752	0.0000	26.189	449.425	0.000	449.425	0.000
787.222	13.747	0.0000	26.223	449.261	0.000	449.261	0.000
788.219	13.741	0.0000	26.256	449.065	0.000	449.065	0.000
789.218	13.736	0.0000	26.289	448.882	0.000	448.882	0.000
790.218	13.731	0.0000	26.322	448.712	0.000	448.712	0.000
791.217	13.724	0.0000	26.356	448.480	0.000	448.480	0.000
792.215	13.718	0.0000	26.389	448.291	0.000	448.291	0.000
793.216	13.712	0.0000	26.422	448.098	0.000	448.098	0.000
794.213	13.706	0.0000	26.456	447.892	0.000	447.892	0.000
795.213	13.698	0.0000	26.489	447.657	0.000	447.657	0.000
796.211	13.692	0.0000	26.522	447.448	0.000	447.448	0.000
797.209	13.685	0.0000	26.556	447.225	0.000	447.225	0.000
798.208	13.678	0.0000	26.589	446.980	0.000	446.980	0.000
799.21	13.671	0.0000	26.622	446.778	0.000	446.778	0.000
800.206	13.663	0.0000	26.655	446.507	0.000	446.507	0.000
801.208	13.655	0.0000	26.689	446.242	0.000	446.242	0.000
802.207	13.647	0.0000	26.722	445.987	0.000	445.987	0.000
803.204	13.638	0.0000	26.755	445.693	0.000	445.693	0.000
804.203	13.630	0.0000	26.789	445.408	0.000	445.408	0.000
805.203	13.621	0.0000	26.822	445.137	0.000	445.137	0.000
806.203	13.612	0.0000	26.855	444.830	0.000	444.830	0.000
807.201	13.603	0.0000	26.889	444.529	0.000	444.529	0.000
808.199	13.593	0.0000	26.922	444.225	0.000	444.225	0.000
809.199	13.583	0.0000	26.955	443.902	0.000	443.902	0.000
810.197	13.573	0.0000	26.988	443.569	0.000	443.569	0.000
811.196	13.563	0.0000	27.022	443.222	0.000	443.222	0.000
812.195	13.552	0.0000	27.055	442.863	0.000	442.863	0.000
813.196	13.541	0.0000	27.088	442.503	0.000	442.503	0.000
814.192	13.529	0.0000	27.122	442.137	0.000	442.137	0.000
815.193	13.517	0.0000	27.155	441.739	0.000	441.739	0.000
816.192	13.505	0.0000	27.188	441.343	0.000	441.343	0.000
817.19	13.493	0.0000	27.222	440.951	0.000	440.951	0.000
818.189	13.480	0.0000	27.255	440.523	0.000	440.523	0.000
819.188	13.466	0.0000	27.288	440.075	0.000	440.075	0.000
820.189	13.453	0.0000	27.321	439.634	0.000	439.634	0.000
821.187	13.438	0.0000	27.355	439.144	0.000	439.144	0.000
822.186	13.422	0.0000	27.388	438.627	0.000	438.627	0.000
823.185	13.406	0.0000	27.421	438.114	0.000	438.114	0.000
824.183	13.390	0.0000	27.455	437.575	0.000	437.575	0.000
825.182	13.373	0.0000	27.488	437.020	0.000	437.020	0.000
826.18	13.355	0.0000	27.521	436.422	0.000	436.422	0.000
827.181	13.336	0.0000	27.555	435.810	0.000	435.810	0.000
828.18	13.316	0.0000	27.588	435.176	0.000	435.176	0.000
829.178	13.296	0.0000	27.621	434.497	0.000	434.497	0.000
830.177	13.274	0.0000	27.655	433.784	0.000	433.784	0.000
831.177	13.251	0.0000	27.688	433.029	0.000	433.029	0.000
832.174	13.227	0.0000	27.721	432.239	0.000	432.239	0.000
833.175	13.202	0.0000	27.754	431.428	0.000	431.428	0.000
834.175	13.175	0.0000	27.788	430.565	0.000	430.565	0.000
835.171	13.147	0.0000	27.821	429.624	0.000	429.624	0.000
836.171	13.116	0.0000	27.854	428.631	0.000	428.631	0.000
837.17	13.085	0.0000	27.888	427.605	0.000	427.605	0.000
838.171	13.050	0.0000	27.921	426.464	0.000	426.464	0.000
839.17	13.012	0.0000	27.954	425.212	0.000	425.212	0.000
840.169	12.970	0.0000	27.988	423.846	0.000	423.846	0.000
841.168	12.924	0.0000	28.021	422.343	0.000	422.343	0.000
842.167	12.874	0.0000	28.054	420.719	0.000	420.719	0.000
843.166	12.818	0.0000	28.087	418.902	0.000	418.902	0.000
844.164	12.757	0.0000	28.121	416.882	0.000	416.882	0.000
845.163	12.689	0.0000	28.154	414.663	0.000	414.663	0.000
846.162	12.613	0.0000	28.187	412.190	0.000	412.190	0.000
847.161	12.528	0.0000	28.221	409.418	0.000	409.418	0.000
848.161	12.434	0.0000	28.254	406.330	0.000	406.330	0.000
849.158	12.328	0.0000	28.287	402.886	0.000	402.886	0.000
850.158	12.210	0.0000	28.321	399.016	0.000	399.016	0.000
851.157	12.076	0.0000	28.354	394.624	0.000	394.624	0.000
852.156	11.924	0.0000	28.387	389.676	0.000	389.676	0.000
853.156	11.749	0.0000	28.420	383.967	0.000	383.967	0.000
854.154	11.544	0.0000	28.454	377.248	0.000	377.248	0.000
855.153	11.296	0.0000	28.487	369.141	0.000	369.141	0.000
856.152	0.968	0.0000	28.520	31.650	0.000	31.650	0.000
