Customer	SGCC_1.5
TestDate	4/4/2026
Coil No/Packet No	45-03
Type	Flat
Size(mm)	20*1.53
So(mm^2)	30.60
Lo(mm)	85
Lu(mm)	
A(%)	/
Su(mm^2)	/
Z(%)	/
Fm(kgf)	1009.8
Rm(MPa)	301
FeH(kgf)	/
ReH(MPa)	/
FeL(kgf)	/
ReL(MPa)	/
Fp(kgf)	1.646
Rp(MPa)	0
Ft(kgf)	/
Rt(MPa)	/
E(GPa)	/


-----------Curve----------
Time	Load	Elong	Disp	Stress	Strain	TrueStress	TrueStrain
0	0.015	0.0000	0.002	0.490	0.000	0.490	0.000
1	0.346	0.0000	0.018	11.291	0.000	11.291	0.000
1.999	0.971	0.0000	0.048	31.729	0.000	31.729	0.000
2.998	1.527	0.0000	0.082	49.908	0.000	49.908	0.000
3.997	1.915	0.0000	0.115	62.582	0.000	62.582	0.000
4.996	2.237	0.0000	0.148	73.095	0.000	73.095	0.000
5.995	2.531	0.0000	0.181	82.719	0.000	82.719	0.000
6.994	2.820	0.0000	0.215	92.170	0.000	92.170	0.000
7.993	3.110	0.0000	0.248	101.647	0.000	101.647	0.000
8.992	3.402	0.0000	0.281	111.183	0.000	111.183	0.000
9.991	3.693	0.0000	0.315	120.686	0.000	120.686	0.000
10.988	3.986	0.0000	0.348	130.271	0.000	130.271	0.000
11.989	4.282	0.0000	0.381	139.935	0.000	139.935	0.000
12.988	4.579	0.0000	0.415	149.631	0.000	149.631	0.000
13.988	4.879	0.0000	0.448	159.448	0.000	159.448	0.000
14.985	5.183	0.0000	0.481	169.366	0.000	169.366	0.000
15.985	5.483	0.0000	0.515	179.190	0.000	179.190	0.000
16.984	5.713	0.0000	0.548	186.683	0.000	186.683	0.000
17.982	5.949	0.0000	0.581	194.425	0.000	194.425	0.000
18.982	6.192	0.0000	0.614	202.337	0.000	202.337	0.000
19.98	6.423	0.0000	0.648	209.886	0.000	209.886	0.000
20.979	6.638	0.0000	0.681	216.941	0.000	216.941	0.000
21.979	6.837	0.0000	0.714	223.422	0.000	223.422	0.000
22.978	7.021	0.0000	0.748	229.441	0.000	229.441	0.000
23.975	7.190	0.0000	0.781	234.964	0.000	234.964	0.000
24.976	7.350	0.0000	0.814	240.186	0.000	240.186	0.000
25.976	7.504	0.0000	0.848	245.222	0.000	245.222	0.000
26.973	7.655	0.0000	0.881	250.176	0.000	250.176	0.000
27.973	7.797	0.0000	0.914	254.788	0.000	254.788	0.000
28.973	7.925	0.0000	0.947	258.993	0.000	258.993	0.000
29.972	8.013	0.0000	0.981	261.853	0.000	261.853	0.000
30.971	7.892	0.0000	1.014	257.905	0.000	257.905	0.000
31.969	7.522	0.0000	1.047	245.820	0.000	245.820	0.000
32.969	7.470	0.0000	1.081	244.105	0.000	244.105	0.000
33.967	7.465	0.0000	1.114	243.954	0.000	243.954	0.000
34.966	7.472	0.0000	1.147	244.167	0.000	244.167	0.000
35.966	7.485	0.0000	1.181	244.621	0.000	244.621	0.000
36.965	7.500	0.0000	1.214	245.085	0.000	245.085	0.000
37.964	7.505	0.0000	1.247	245.258	0.000	245.258	0.000
38.963	7.513	0.0000	1.280	245.513	0.000	245.513	0.000
39.962	7.519	0.0000	1.314	245.729	0.000	245.729	0.000
40.96	7.520	0.0000	1.347	245.735	0.000	245.735	0.000
41.959	7.512	0.0000	1.380	245.477	0.000	245.477	0.000
42.959	7.504	0.0000	1.414	245.219	0.000	245.219	0.000
43.958	7.519	0.0000	1.447	245.722	0.000	245.722	0.000
44.957	7.528	0.0000	1.480	246.013	0.000	246.013	0.000
45.956	7.528	0.0000	1.514	246.026	0.000	246.026	0.000
46.955	7.515	0.0000	1.547	245.585	0.000	245.585	0.000
47.953	7.513	0.0000	1.580	245.533	0.000	245.533	0.000
48.953	7.529	0.0000	1.613	246.052	0.000	246.052	0.000
49.951	7.547	0.0000	1.647	246.627	0.000	246.627	0.000
50.951	7.537	0.0000	1.680	246.317	0.000	246.317	0.000
51.95	7.543	0.0000	1.713	246.490	0.000	246.490	0.000
52.949	7.565	0.0000	1.747	247.232	0.000	247.232	0.000
53.947	7.583	0.0000	1.780	247.824	0.000	247.824	0.000
54.945	7.590	0.0000	1.813	248.039	0.000	248.039	0.000
55.945	7.557	0.0000	1.847	246.967	0.000	246.967	0.000
56.945	7.492	0.0000	1.880	244.833	0.000	244.833	0.000
57.944	7.496	0.0000	1.913	244.958	0.000	244.958	0.000
58.942	7.528	0.0000	1.947	246.010	0.000	246.010	0.000
59.942	7.566	0.0000	1.980	247.261	0.000	247.261	0.000
60.94	7.610	0.0000	2.013	248.690	0.000	248.690	0.000
61.937	7.645	0.0000	2.046	249.833	0.000	249.833	0.000
62.938	7.669	0.0000	2.080	250.621	0.000	250.621	0.000
63.938	7.684	0.0000	2.113	251.118	0.000	251.118	0.000
64.936	7.691	0.0000	2.146	251.353	0.000	251.353	0.000
65.935	7.670	0.0000	2.180	250.657	0.000	250.657	0.000
66.934	7.606	0.0000	2.213	248.559	0.000	248.559	0.000
67.934	7.591	0.0000	2.246	248.062	0.000	248.062	0.000
68.933	7.603	0.0000	2.280	248.461	0.000	248.461	0.000
69.931	7.629	0.0000	2.313	249.310	0.000	249.310	0.000
70.931	7.661	0.0000	2.346	250.366	0.000	250.366	0.000
71.93	7.685	0.0000	2.379	251.127	0.000	251.127	0.000
72.926	7.700	0.0000	2.413	251.641	0.000	251.641	0.000
73.928	7.708	0.0000	2.446	251.899	0.000	251.899	0.000
74.925	7.694	0.0000	2.479	251.441	0.000	251.441	0.000
75.926	7.653	0.0000	2.513	250.114	0.000	250.114	0.000
76.924	7.632	0.0000	2.546	249.399	0.000	249.399	0.000
77.924	7.529	0.0000	2.579	246.046	0.000	246.046	0.000
78.923	7.396	0.0000	2.613	241.686	0.000	241.686	0.000
79.922	7.389	0.0000	2.646	241.467	0.000	241.467	0.000
80.921	7.402	0.0000	2.679	241.882	0.000	241.882	0.000
81.92	7.417	0.0000	2.712	242.386	0.000	242.386	0.000
82.918	7.429	0.0000	2.746	242.765	0.000	242.765	0.000
83.917	7.441	0.0000	2.779	243.170	0.000	243.170	0.000
84.918	7.459	0.0000	2.812	243.748	0.000	243.748	0.000
85.916	7.474	0.0000	2.846	244.242	0.000	244.242	0.000
86.915	7.485	0.0000	2.879	244.611	0.000	244.611	0.000
87.913	7.497	0.0000	2.912	244.990	0.000	244.990	0.000
88.913	7.507	0.0000	2.946	245.343	0.000	245.343	0.000
89.911	7.519	0.0000	2.979	245.709	0.000	245.709	0.000
90.911	7.523	0.0000	3.012	245.856	0.000	245.856	0.000
91.909	7.501	0.0000	3.045	245.127	0.000	245.127	0.000
92.909	7.490	0.0000	3.079	244.755	0.000	244.755	0.000
93.907	7.455	0.0000	3.112	243.624	0.000	243.624	0.000
94.906	7.462	0.0000	3.145	243.856	0.000	243.856	0.000
95.906	7.517	0.0000	3.179	245.663	0.000	245.663	0.000
96.905	7.535	0.0000	3.212	246.252	0.000	246.252	0.000
97.902	7.535	0.0000	3.245	246.239	0.000	246.239	0.000
98.903	7.506	0.0000	3.279	245.288	0.000	245.288	0.000
99.902	7.457	0.0000	3.312	243.680	0.000	243.680	0.000
100.9	7.479	0.0000	3.345	244.415	0.000	244.415	0.000
101.901	7.542	0.0000	3.378	246.467	0.000	246.467	0.000
102.899	7.561	0.0000	3.412	247.088	0.000	247.088	0.000
103.898	7.590	0.0000	3.445	248.033	0.000	248.033	0.000
104.897	7.595	0.0000	3.478	248.190	0.000	248.190	0.000
105.896	7.581	0.0000	3.512	247.755	0.000	247.755	0.000
106.895	7.478	0.0000	3.545	244.369	0.000	244.369	0.000
107.893	7.437	0.0000	3.578	243.042	0.000	243.042	0.000
108.893	7.446	0.0000	3.612	243.343	0.000	243.343	0.000
109.892	7.478	0.0000	3.645	244.373	0.000	244.373	0.000
110.891	7.534	0.0000	3.678	246.199	0.000	246.199	0.000
111.89	7.574	0.0000	3.711	247.510	0.000	247.510	0.000
112.89	7.602	0.0000	3.745	248.418	0.000	248.418	0.000
113.888	7.582	0.0000	3.778	247.784	0.000	247.784	0.000
114.887	7.563	0.0000	3.811	247.160	0.000	247.160	0.000
115.887	7.560	0.0000	3.845	247.059	0.000	247.059	0.000
116.885	7.544	0.0000	3.878	246.523	0.000	246.523	0.000
117.884	7.528	0.0000	3.911	246.010	0.000	246.010	0.000
118.884	7.574	0.0000	3.945	247.516	0.000	247.516	0.000
119.883	7.631	0.0000	3.978	249.389	0.000	249.389	0.000
120.882	7.665	0.0000	4.011	250.497	0.000	250.497	0.000
121.881	7.689	0.0000	4.044	251.265	0.000	251.265	0.000
122.879	7.657	0.0000	4.078	250.216	0.000	250.216	0.000
123.879	7.631	0.0000	4.111	249.373	0.000	249.373	0.000
124.876	7.560	0.0000	4.144	247.072	0.000	247.072	0.000
125.877	7.595	0.0000	4.178	248.216	0.000	248.216	0.000
126.876	7.631	0.0000	4.211	249.373	0.000	249.373	0.000
127.874	7.646	0.0000	4.244	249.866	0.000	249.866	0.000
128.874	7.569	0.0000	4.278	247.363	0.000	247.363	0.000
129.872	7.539	0.0000	4.311	246.359	0.000	246.359	0.000
130.871	7.558	0.0000	4.344	247.000	0.000	247.000	0.000
131.87	7.610	0.0000	4.377	248.706	0.000	248.706	0.000
132.869	7.652	0.0000	4.411	250.052	0.000	250.052	0.000
133.869	7.679	0.0000	4.444	250.951	0.000	250.951	0.000
134.868	7.700	0.0000	4.477	251.637	0.000	251.637	0.000
135.866	7.678	0.0000	4.511	250.925	0.000	250.925	0.000
136.866	7.641	0.0000	4.544	249.703	0.000	249.703	0.000
137.865	7.553	0.0000	4.577	246.833	0.000	246.833	0.000
138.863	7.438	0.0000	4.611	243.056	0.000	243.056	0.000
139.863	7.439	0.0000	4.644	243.108	0.000	243.108	0.000
140.861	7.448	0.0000	4.677	243.392	0.000	243.392	0.000
141.861	7.482	0.0000	4.710	244.493	0.000	244.493	0.000
142.86	7.523	0.0000	4.744	245.863	0.000	245.863	0.000
143.859	7.527	0.0000	4.777	245.967	0.000	245.967	0.000
144.857	7.527	0.0000	4.810	245.990	0.000	245.990	0.000
145.856	7.544	0.0000	4.844	246.549	0.000	246.549	0.000
146.856	7.582	0.0000	4.877	247.765	0.000	247.765	0.000
147.854	7.598	0.0000	4.910	248.310	0.000	248.310	0.000
148.853	7.636	0.0000	4.944	249.533	0.000	249.533	0.000
149.851	7.660	0.0000	4.977	250.324	0.000	250.324	0.000
150.851	7.671	0.0000	5.010	250.670	0.000	250.670	0.000
151.851	7.677	0.0000	5.043	250.889	0.000	250.889	0.000
152.85	7.684	0.0000	5.077	251.111	0.000	251.111	0.000
153.848	7.699	0.0000	5.110	251.588	0.000	251.588	0.000
154.848	7.714	0.0000	5.143	252.085	0.000	252.085	0.000
155.847	7.725	0.0000	5.177	252.448	0.000	252.448	0.000
156.846	7.716	0.0000	5.210	252.170	0.000	252.170	0.000
157.845	7.613	0.0000	5.243	248.781	0.000	248.781	0.000
158.844	7.561	0.0000	5.277	247.085	0.000	247.085	0.000
159.843	7.538	0.0000	5.310	246.324	0.000	246.324	0.000
160.842	7.529	0.0000	5.343	246.039	0.000	246.039	0.000
161.841	7.409	0.0000	5.376	242.127	0.000	242.127	0.000
162.84	7.387	0.0000	5.410	241.412	0.000	241.412	0.000
163.838	7.393	0.0000	5.443	241.605	0.000	241.605	0.000
164.837	7.408	0.0000	5.476	242.078	0.000	242.078	0.000
165.835	7.401	0.0000	5.510	241.856	0.000	241.856	0.000
166.836	7.396	0.0000	5.543	241.686	0.000	241.686	0.000
167.834	7.424	0.0000	5.576	242.598	0.000	242.598	0.000
168.834	7.447	0.0000	5.610	243.382	0.000	243.382	0.000
169.832	7.466	0.0000	5.643	243.971	0.000	243.971	0.000
170.831	7.442	0.0000	5.676	243.199	0.000	243.199	0.000
171.832	7.435	0.0000	5.709	242.974	0.000	242.974	0.000
172.83	7.427	0.0000	5.743	242.725	0.000	242.725	0.000
173.829	7.403	0.0000	5.776	241.925	0.000	241.925	0.000
174.828	7.392	0.0000	5.809	241.578	0.000	241.578	0.000
175.827	7.412	0.0000	5.843	242.232	0.000	242.232	0.000
176.827	7.408	0.0000	5.876	242.088	0.000	242.088	0.000
177.824	7.382	0.0000	5.909	241.232	0.000	241.232	0.000
178.823	7.390	0.0000	5.943	241.516	0.000	241.516	0.000
179.823	7.444	0.0000	5.976	243.271	0.000	243.271	0.000
180.822	7.487	0.0000	6.009	244.683	0.000	244.683	0.000
181.821	7.524	0.0000	6.042	245.873	0.000	245.873	0.000
182.819	7.551	0.0000	6.076	246.761	0.000	246.761	0.000
183.819	7.565	0.0000	6.109	247.232	0.000	247.232	0.000
184.817	7.434	0.0000	6.142	242.951	0.000	242.951	0.000
185.817	7.413	0.0000	6.176	242.239	0.000	242.239	0.000
186.815	7.438	0.0000	6.209	243.072	0.000	243.072	0.000
187.815	7.471	0.0000	6.242	244.150	0.000	244.150	0.000
188.815	7.455	0.0000	6.276	243.634	0.000	243.634	0.000
189.814	7.386	0.0000	6.309	241.382	0.000	241.382	0.000
190.812	7.375	0.0000	6.342	241.000	0.000	241.000	0.000
191.811	7.410	0.0000	6.375	242.150	0.000	242.150	0.000
192.811	7.436	0.0000	6.409	242.997	0.000	242.997	0.000
193.809	7.489	0.0000	6.442	244.742	0.000	244.742	0.000
194.809	7.532	0.0000	6.475	246.131	0.000	246.131	0.000
195.808	7.566	0.0000	6.509	247.239	0.000	247.239	0.000
196.804	7.588	0.0000	6.542	247.967	0.000	247.967	0.000
197.804	7.600	0.0000	6.575	248.363	0.000	248.363	0.000
198.803	7.597	0.0000	6.609	248.261	0.000	248.261	0.000
199.802	7.567	0.0000	6.642	247.284	0.000	247.284	0.000
200.801	7.539	0.0000	6.675	246.356	0.000	246.356	0.000
201.801	7.582	0.0000	6.708	247.761	0.000	247.761	0.000
202.801	7.647	0.0000	6.742	249.895	0.000	249.895	0.000
203.798	7.653	0.0000	6.775	250.105	0.000	250.105	0.000
204.798	7.667	0.0000	6.808	250.549	0.000	250.549	0.000
205.796	7.720	0.0000	6.842	252.281	0.000	252.281	0.000
206.795	7.765	0.0000	6.875	253.745	0.000	253.745	0.000
207.795	7.776	0.0000	6.908	254.105	0.000	254.105	0.000
208.793	7.752	0.0000	6.942	253.333	0.000	253.333	0.000
209.794	7.764	0.0000	6.975	253.732	0.000	253.732	0.000
210.791	7.818	0.0000	7.008	255.480	0.000	255.480	0.000
211.79	7.859	0.0000	7.041	256.814	0.000	256.814	0.000
212.789	7.884	0.0000	7.075	257.644	0.000	257.644	0.000
213.788	7.898	0.0000	7.108	258.098	0.000	258.098	0.000
214.788	7.909	0.0000	7.141	258.454	0.000	258.454	0.000
215.788	7.918	0.0000	7.175	258.765	0.000	258.765	0.000
216.786	7.924	0.0000	7.208	258.954	0.000	258.954	0.000
217.784	7.936	0.0000	7.241	259.353	0.000	259.353	0.000
218.785	7.950	0.0000	7.275	259.804	0.000	259.804	0.000
219.784	7.959	0.0000	7.308	260.114	0.000	260.114	0.000
220.78	7.967	0.0000	7.341	260.369	0.000	260.369	0.000
221.782	7.975	0.0000	7.374	260.608	0.000	260.608	0.000
222.78	7.975	0.0000	7.408	260.621	0.000	260.621	0.000
223.779	7.981	0.0000	7.441	260.807	0.000	260.807	0.000
224.778	7.996	0.0000	7.474	261.304	0.000	261.304	0.000
225.777	8.008	0.0000	7.508	261.709	0.000	261.709	0.000
226.776	8.019	0.0000	7.541	262.075	0.000	262.075	0.000
227.775	8.034	0.0000	7.574	262.536	0.000	262.536	0.000
228.774	8.045	0.0000	7.608	262.915	0.000	262.915	0.000
229.772	8.054	0.0000	7.641	263.199	0.000	263.199	0.000
230.772	8.062	0.0000	7.674	263.474	0.000	263.474	0.000
231.77	8.072	0.0000	7.707	263.778	0.000	263.778	0.000
232.771	8.079	0.0000	7.741	264.033	0.000	264.033	0.000
233.769	8.087	0.0000	7.774	264.284	0.000	264.284	0.000
234.767	8.094	0.0000	7.807	264.503	0.000	264.503	0.000
235.768	8.102	0.0000	7.841	264.771	0.000	264.771	0.000
236.767	8.109	0.0000	7.874	265.007	0.000	265.007	0.000
237.766	8.117	0.0000	7.907	265.265	0.000	265.265	0.000
238.764	8.124	0.0000	7.941	265.480	0.000	265.480	0.000
239.764	8.131	0.0000	7.974	265.732	0.000	265.732	0.000
240.763	8.138	0.0000	8.007	265.951	0.000	265.951	0.000
241.763	8.147	0.0000	8.040	266.235	0.000	266.235	0.000
242.759	8.153	0.0000	8.074	266.431	0.000	266.431	0.000
243.759	8.160	0.0000	8.107	266.663	0.000	266.663	0.000
244.758	8.167	0.0000	8.140	266.908	0.000	266.908	0.000
245.756	8.174	0.0000	8.174	267.124	0.000	267.124	0.000
246.757	8.182	0.0000	8.207	267.373	0.000	267.373	0.000
247.754	8.188	0.0000	8.240	267.572	0.000	267.572	0.000
248.754	8.194	0.0000	8.274	267.778	0.000	267.778	0.000
249.753	8.201	0.0000	8.307	268.013	0.000	268.013	0.000
250.754	8.208	0.0000	8.340	268.235	0.000	268.235	0.000
251.751	8.215	0.0000	8.373	268.471	0.000	268.471	0.000
252.751	8.222	0.0000	8.407	268.686	0.000	268.686	0.000
253.75	8.228	0.0000	8.440	268.895	0.000	268.895	0.000
254.748	8.236	0.0000	8.473	269.137	0.000	269.137	0.000
255.749	8.241	0.0000	8.507	269.317	0.000	269.317	0.000
256.748	8.247	0.0000	8.540	269.510	0.000	269.510	0.000
257.745	8.253	0.0000	8.573	269.719	0.000	269.719	0.000
258.744	8.260	0.0000	8.607	269.918	0.000	269.918	0.000
259.744	8.266	0.0000	8.640	270.127	0.000	270.127	0.000
260.744	8.272	0.0000	8.673	270.330	0.000	270.330	0.000
261.741	8.278	0.0000	8.706	270.533	0.000	270.533	0.000
262.74	8.285	0.0000	8.740	270.758	0.000	270.758	0.000
263.738	8.292	0.0000	8.773	270.971	0.000	270.971	0.000
264.739	8.297	0.0000	8.806	271.141	0.000	271.141	0.000
265.736	8.303	0.0000	8.840	271.327	0.000	271.327	0.000
266.737	8.309	0.0000	8.873	271.529	0.000	271.529	0.000
267.736	8.315	0.0000	8.906	271.742	0.000	271.742	0.000
268.735	8.321	0.0000	8.940	271.938	0.000	271.938	0.000
269.735	8.327	0.0000	8.973	272.131	0.000	272.131	0.000
270.732	8.333	0.0000	9.006	272.310	0.000	272.310	0.000
271.731	8.338	0.0000	9.039	272.497	0.000	272.497	0.000
272.73	8.345	0.0000	9.073	272.699	0.000	272.699	0.000
273.731	8.350	0.0000	9.106	272.863	0.000	272.863	0.000
274.728	8.356	0.0000	9.139	273.072	0.000	273.072	0.000
275.728	8.362	0.0000	9.173	273.271	0.000	273.271	0.000
276.728	8.367	0.0000	9.206	273.431	0.000	273.431	0.000
277.726	8.373	0.0000	9.239	273.614	0.000	273.614	0.000
278.725	8.379	0.0000	9.273	273.810	0.000	273.810	0.000
279.725	8.385	0.0000	9.306	274.013	0.000	274.013	0.000
280.724	8.391	0.0000	9.339	274.206	0.000	274.206	0.000
281.723	8.396	0.0000	9.372	274.389	0.000	274.389	0.000
282.721	8.401	0.0000	9.406	274.539	0.000	274.539	0.000
283.721	8.407	0.0000	9.439	274.722	0.000	274.722	0.000
284.719	8.412	0.0000	9.472	274.912	0.000	274.912	0.000
285.717	8.417	0.0000	9.506	275.072	0.000	275.072	0.000
286.716	8.423	0.0000	9.539	275.261	0.000	275.261	0.000
287.717	8.428	0.0000	9.572	275.422	0.000	275.422	0.000
288.716	8.433	0.0000	9.606	275.588	0.000	275.588	0.000
289.714	8.439	0.0000	9.639	275.771	0.000	275.771	0.000
290.712	8.443	0.0000	9.672	275.931	0.000	275.931	0.000
291.712	8.449	0.0000	9.705	276.105	0.000	276.105	0.000
292.71	8.454	0.0000	9.739	276.278	0.000	276.278	0.000
293.711	8.459	0.0000	9.772	276.448	0.000	276.448	0.000
294.71	8.464	0.0000	9.805	276.605	0.000	276.605	0.000
295.707	8.469	0.0000	9.839	276.758	0.000	276.758	0.000
296.707	8.475	0.0000	9.872	276.944	0.000	276.944	0.000
297.707	8.480	0.0000	9.905	277.121	0.000	277.121	0.000
298.704	8.485	0.0000	9.939	277.288	0.000	277.288	0.000
299.705	8.490	0.0000	9.972	277.451	0.000	277.451	0.000
300.704	8.496	0.0000	10.005	277.631	0.000	277.631	0.000
301.702	8.501	0.0000	10.038	277.794	0.000	277.794	0.000
302.701	8.505	0.0000	10.072	277.941	0.000	277.941	0.000
303.699	8.510	0.0000	10.105	278.091	0.000	278.091	0.000
304.7	8.514	0.0000	10.138	278.252	0.000	278.252	0.000
305.699	8.520	0.0000	10.172	278.438	0.000	278.438	0.000
306.695	8.525	0.0000	10.205	278.595	0.000	278.595	0.000
307.696	8.530	0.0000	10.238	278.748	0.000	278.748	0.000
308.696	8.534	0.0000	10.272	278.902	0.000	278.902	0.000
309.695	8.539	0.0000	10.305	279.049	0.000	279.049	0.000
310.693	8.544	0.0000	10.338	279.206	0.000	279.206	0.000
311.692	8.549	0.0000	10.371	279.376	0.000	279.376	0.000
312.691	8.553	0.0000	10.405	279.520	0.000	279.520	0.000
313.69	8.558	0.0000	10.438	279.673	0.000	279.673	0.000
314.69	8.564	0.0000	10.471	279.863	0.000	279.863	0.000
315.687	8.568	0.0000	10.505	279.990	0.000	279.990	0.000
316.687	8.572	0.0000	10.538	280.131	0.000	280.131	0.000
317.688	8.577	0.0000	10.571	280.288	0.000	280.288	0.000
318.686	8.581	0.0000	10.605	280.428	0.000	280.428	0.000
319.685	8.585	0.0000	10.638	280.572	0.000	280.572	0.000
320.684	8.590	0.0000	10.671	280.719	0.000	280.719	0.000
321.681	8.595	0.0000	10.704	280.866	0.000	280.866	0.000
322.682	8.599	0.0000	10.738	281.007	0.000	281.007	0.000
323.681	8.604	0.0000	10.771	281.176	0.000	281.176	0.000
324.679	8.607	0.0000	10.804	281.281	0.000	281.281	0.000
325.679	8.612	0.0000	10.838	281.422	0.000	281.422	0.000
326.677	8.616	0.0000	10.871	281.556	0.000	281.556	0.000
327.676	8.620	0.0000	10.904	281.703	0.000	281.703	0.000
328.676	8.625	0.0000	10.938	281.863	0.000	281.863	0.000
329.675	8.630	0.0000	10.971	282.013	0.000	282.013	0.000
330.674	8.634	0.0000	11.004	282.157	0.000	282.157	0.000
331.671	8.638	0.0000	11.037	282.291	0.000	282.291	0.000
332.67	8.643	0.0000	11.071	282.438	0.000	282.438	0.000
333.671	8.646	0.0000	11.104	282.559	0.000	282.559	0.000
334.67	8.650	0.0000	11.137	282.686	0.000	282.686	0.000
335.667	8.655	0.0000	11.171	282.843	0.000	282.843	0.000
336.665	8.659	0.0000	11.204	282.984	0.000	282.984	0.000
337.666	8.663	0.0000	11.237	283.118	0.000	283.118	0.000
338.665	8.668	0.0000	11.271	283.261	0.000	283.261	0.000
339.664	8.671	0.0000	11.304	283.366	0.000	283.366	0.000
340.664	8.675	0.0000	11.337	283.497	0.000	283.497	0.000
341.663	8.680	0.0000	11.371	283.644	0.000	283.644	0.000
342.662	8.684	0.0000	11.404	283.784	0.000	283.784	0.000
343.66	8.686	0.0000	11.437	283.869	0.000	283.869	0.000
344.659	8.691	0.0000	11.470	284.029	0.000	284.029	0.000
345.658	8.695	0.0000	11.504	284.150	0.000	284.150	0.000
346.658	8.699	0.0000	11.537	284.278	0.000	284.278	0.000
347.656	8.702	0.0000	11.570	284.366	0.000	284.366	0.000
348.655	8.706	0.0000	11.604	284.507	0.000	284.507	0.000
349.655	8.710	0.0000	11.637	284.641	0.000	284.641	0.000
350.654	8.714	0.0000	11.670	284.781	0.000	284.781	0.000
351.651	8.717	0.0000	11.704	284.859	0.000	284.859	0.000
352.652	8.721	0.0000	11.737	285.010	0.000	285.010	0.000
353.65	8.725	0.0000	11.770	285.131	0.000	285.131	0.000
354.649	8.729	0.0000	11.803	285.265	0.000	285.265	0.000
355.647	8.732	0.0000	11.837	285.366	0.000	285.366	0.000
356.648	8.736	0.0000	11.870	285.474	0.000	285.474	0.000
357.647	8.740	0.0000	11.903	285.621	0.000	285.621	0.000
358.646	8.744	0.0000	11.937	285.761	0.000	285.761	0.000
359.646	8.746	0.0000	11.970	285.817	0.000	285.817	0.000
360.643	8.750	0.0000	12.003	285.954	0.000	285.954	0.000
361.644	8.755	0.0000	12.037	286.111	0.000	286.111	0.000
362.642	8.758	0.0000	12.070	286.212	0.000	286.212	0.000
363.641	8.760	0.0000	12.103	286.291	0.000	286.291	0.000
364.641	8.765	0.0000	12.136	286.438	0.000	286.438	0.000
365.638	8.769	0.0000	12.170	286.569	0.000	286.569	0.000
366.637	8.771	0.0000	12.203	286.644	0.000	286.644	0.000
367.637	8.775	0.0000	12.236	286.765	0.000	286.765	0.000
368.637	8.779	0.0000	12.270	286.905	0.000	286.905	0.000
369.634	8.782	0.0000	12.303	286.990	0.000	286.990	0.000
370.635	8.785	0.0000	12.336	287.101	0.000	287.101	0.000
371.633	8.790	0.0000	12.370	287.255	0.000	287.255	0.000
372.632	8.792	0.0000	12.403	287.317	0.000	287.317	0.000
373.63	8.796	0.0000	12.436	287.438	0.000	287.438	0.000
374.631	8.800	0.0000	12.469	287.582	0.000	287.582	0.000
375.629	8.804	0.0000	12.503	287.709	0.000	287.709	0.000
376.628	8.805	0.0000	12.536	287.752	0.000	287.752	0.000
377.627	8.810	0.0000	12.569	287.908	0.000	287.908	0.000
378.626	8.812	0.0000	12.603	287.984	0.000	287.984	0.000
379.626	8.815	0.0000	12.636	288.072	0.000	288.072	0.000
380.624	8.819	0.0000	12.669	288.203	0.000	288.203	0.000
381.624	8.822	0.0000	12.703	288.291	0.000	288.291	0.000
382.622	8.825	0.0000	12.736	288.405	0.000	288.405	0.000
383.622	8.830	0.0000	12.769	288.562	0.000	288.562	0.000
384.621	8.831	0.0000	12.802	288.591	0.000	288.591	0.000
385.619	8.835	0.0000	12.836	288.725	0.000	288.725	0.000
386.618	8.837	0.0000	12.869	288.804	0.000	288.804	0.000
387.616	8.840	0.0000	12.902	288.889	0.000	288.889	0.000
388.617	8.843	0.0000	12.936	288.993	0.000	288.993	0.000
389.616	8.846	0.0000	12.969	289.088	0.000	289.088	0.000
390.615	8.850	0.0000	13.002	289.216	0.000	289.216	0.000
391.612	8.853	0.0000	13.036	289.327	0.000	289.327	0.000
392.61	8.855	0.0000	13.069	289.379	0.000	289.379	0.000
393.611	8.860	0.0000	13.102	289.542	0.000	289.542	0.000
394.611	8.862	0.0000	13.135	289.608	0.000	289.608	0.000
395.61	8.865	0.0000	13.169	289.706	0.000	289.706	0.000
396.609	8.868	0.0000	13.202	289.814	0.000	289.814	0.000
397.609	8.870	0.0000	13.235	289.869	0.000	289.869	0.000
398.607	8.875	0.0000	13.269	290.016	0.000	290.016	0.000
399.605	8.876	0.0000	13.302	290.075	0.000	290.075	0.000
400.604	8.880	0.0000	13.335	290.196	0.000	290.196	0.000
401.604	8.881	0.0000	13.369	290.239	0.000	290.239	0.000
402.603	8.885	0.0000	13.402	290.359	0.000	290.359	0.000
403.602	8.888	0.0000	13.435	290.474	0.000	290.474	0.000
404.601	8.890	0.0000	13.468	290.523	0.000	290.523	0.000
405.599	8.894	0.0000	13.502	290.641	0.000	290.641	0.000
406.599	8.895	0.0000	13.535	290.686	0.000	290.686	0.000
407.598	8.900	0.0000	13.568	290.837	0.000	290.837	0.000
408.596	8.901	0.0000	13.602	290.873	0.000	290.873	0.000
409.596	8.905	0.0000	13.635	291.013	0.000	291.013	0.000
410.595	8.905	0.0000	13.668	291.029	0.000	291.029	0.000
411.594	8.910	0.0000	13.702	291.176	0.000	291.176	0.000
412.593	8.913	0.0000	13.735	291.258	0.000	291.258	0.000
413.592	8.915	0.0000	13.768	291.340	0.000	291.340	0.000
414.59	8.917	0.0000	13.801	291.395	0.000	291.395	0.000
415.587	8.920	0.0000	13.835	291.503	0.000	291.503	0.000
416.588	8.923	0.0000	13.868	291.591	0.000	291.591	0.000
417.588	8.925	0.0000	13.901	291.667	0.000	291.667	0.000
418.585	8.929	0.0000	13.935	291.788	0.000	291.788	0.000
419.586	8.930	0.0000	13.968	291.830	0.000	291.830	0.000
420.584	8.934	0.0000	14.001	291.944	0.000	291.944	0.000
421.584	8.935	0.0000	14.035	291.993	0.000	291.993	0.000
422.582	8.939	0.0000	14.068	292.114	0.000	292.114	0.000
423.581	8.940	0.0000	14.101	292.157	0.000	292.157	0.000
424.582	8.944	0.0000	14.134	292.284	0.000	292.284	0.000
425.579	8.945	0.0000	14.168	292.320	0.000	292.320	0.000
426.578	8.949	0.0000	14.201	292.448	0.000	292.448	0.000
427.576	8.950	0.0000	14.234	292.484	0.000	292.484	0.000
428.577	8.952	0.0000	14.268	292.559	0.000	292.559	0.000
429.575	8.955	0.0000	14.301	292.647	0.000	292.647	0.000
430.575	8.959	0.0000	14.334	292.775	0.000	292.775	0.000
431.574	8.960	0.0000	14.368	292.810	0.000	292.810	0.000
432.572	8.961	0.0000	14.401	292.853	0.000	292.853	0.000
433.571	8.965	0.0000	14.434	292.974	0.000	292.974	0.000
434.572	8.969	0.0000	14.467	293.095	0.000	293.095	0.000
435.569	8.970	0.0000	14.501	293.137	0.000	293.137	0.000
436.568	8.971	0.0000	14.534	293.160	0.000	293.160	0.000
437.567	8.975	0.0000	14.567	293.301	0.000	293.301	0.000
438.566	8.975	0.0000	14.601	293.301	0.000	293.301	0.000
439.566	8.980	0.0000	14.634	293.458	0.000	293.458	0.000
440.564	8.980	0.0000	14.667	293.464	0.000	293.464	0.000
441.564	8.984	0.0000	14.701	293.595	0.000	293.595	0.000
442.563	8.985	0.0000	14.734	293.627	0.000	293.627	0.000
443.562	8.988	0.0000	14.767	293.729	0.000	293.729	0.000
444.561	8.990	0.0000	14.800	293.791	0.000	293.791	0.000
445.559	8.990	0.0000	14.834	293.794	0.000	293.794	0.000
446.559	8.995	0.0000	14.867	293.954	0.000	293.954	0.000
447.558	8.995	0.0000	14.900	293.954	0.000	293.954	0.000
448.557	8.998	0.0000	14.934	294.062	0.000	294.062	0.000
449.557	9.000	0.0000	14.967	294.118	0.000	294.118	0.000
450.555	9.002	0.0000	15.000	294.183	0.000	294.183	0.000
451.553	9.005	0.0000	15.034	294.281	0.000	294.281	0.000
452.553	9.005	0.0000	15.067	294.281	0.000	294.281	0.000
453.552	9.010	0.0000	15.100	294.438	0.000	294.438	0.000
454.551	9.010	0.0000	15.133	294.444	0.000	294.444	0.000
455.55	9.013	0.0000	15.167	294.549	0.000	294.549	0.000
456.55	9.015	0.0000	15.200	294.608	0.000	294.608	0.000
457.547	9.015	0.0000	15.233	294.608	0.000	294.608	0.000
458.545	9.019	0.0000	15.267	294.742	0.000	294.742	0.000
459.547	9.020	0.0000	15.300	294.771	0.000	294.771	0.000
460.546	9.022	0.0000	15.333	294.853	0.000	294.853	0.000
461.543	9.025	0.0000	15.367	294.935	0.000	294.935	0.000
462.544	9.025	0.0000	15.400	294.935	0.000	294.935	0.000
463.543	9.029	0.0000	15.433	295.056	0.000	295.056	0.000
464.542	9.030	0.0000	15.466	295.098	0.000	295.098	0.000
465.538	9.031	0.0000	15.500	295.121	0.000	295.121	0.000
466.539	9.035	0.0000	15.533	295.261	0.000	295.261	0.000
467.538	9.035	0.0000	15.566	295.261	0.000	295.261	0.000
468.538	9.036	0.0000	15.600	295.288	0.000	295.288	0.000
469.534	9.040	0.0000	15.633	295.425	0.000	295.425	0.000
470.536	9.040	0.0000	15.666	295.425	0.000	295.425	0.000
471.533	9.041	0.0000	15.700	295.454	0.000	295.454	0.000
472.534	9.045	0.0000	15.733	295.588	0.000	295.588	0.000
473.531	9.047	0.0000	15.766	295.637	0.000	295.637	0.000
474.531	9.050	0.0000	15.799	295.752	0.000	295.752	0.000
475.53	9.050	0.0000	15.833	295.752	0.000	295.752	0.000
476.529	9.051	0.0000	15.866	295.768	0.000	295.768	0.000
477.528	9.055	0.0000	15.899	295.915	0.000	295.915	0.000
478.528	9.055	0.0000	15.933	295.915	0.000	295.915	0.000
479.527	9.055	0.0000	15.966	295.915	0.000	295.915	0.000
480.526	9.060	0.0000	15.999	296.072	0.000	296.072	0.000
481.524	9.060	0.0000	16.033	296.078	0.000	296.078	0.000
482.523	9.062	0.0000	16.066	296.157	0.000	296.157	0.000
483.522	9.065	0.0000	16.099	296.242	0.000	296.242	0.000
484.521	9.065	0.0000	16.132	296.242	0.000	296.242	0.000
485.52	9.067	0.0000	16.166	296.294	0.000	296.294	0.000
486.52	9.070	0.0000	16.199	296.405	0.000	296.405	0.000
487.519	9.070	0.0000	16.232	296.405	0.000	296.405	0.000
488.516	9.071	0.0000	16.266	296.448	0.000	296.448	0.000
489.515	9.075	0.0000	16.299	296.569	0.000	296.569	0.000
490.516	9.075	0.0000	16.332	296.569	0.000	296.569	0.000
491.515	9.075	0.0000	16.366	296.569	0.000	296.569	0.000
492.514	9.079	0.0000	16.399	296.709	0.000	296.709	0.000
493.513	9.080	0.0000	16.432	296.732	0.000	296.732	0.000
494.511	9.082	0.0000	16.465	296.791	0.000	296.791	0.000
495.511	9.085	0.0000	16.499	296.895	0.000	296.895	0.000
496.509	9.085	0.0000	16.532	296.895	0.000	296.895	0.000
497.508	9.085	0.0000	16.565	296.895	0.000	296.895	0.000
498.507	9.088	0.0000	16.599	296.990	0.000	296.990	0.000
499.505	9.090	0.0000	16.632	297.059	0.000	297.059	0.000
500.505	9.090	0.0000	16.665	297.059	0.000	297.059	0.000
501.505	9.090	0.0000	16.699	297.059	0.000	297.059	0.000
502.504	9.094	0.0000	16.732	297.180	0.000	297.180	0.000
503.502	9.095	0.0000	16.765	297.222	0.000	297.222	0.000
504.503	9.095	0.0000	16.798	297.222	0.000	297.222	0.000
505.501	9.095	0.0000	16.832	297.229	0.000	297.229	0.000
506.5	9.100	0.0000	16.865	297.386	0.000	297.386	0.000
507.499	9.100	0.0000	16.898	297.386	0.000	297.386	0.000
508.498	9.100	0.0000	16.932	297.386	0.000	297.386	0.000
509.497	9.102	0.0000	16.965	297.444	0.000	297.444	0.000
510.496	9.105	0.0000	16.998	297.549	0.000	297.549	0.000
511.495	9.105	0.0000	17.032	297.549	0.000	297.549	0.000
512.494	9.105	0.0000	17.065	297.549	0.000	297.549	0.000
513.494	9.108	0.0000	17.098	297.644	0.000	297.644	0.000
514.492	9.110	0.0000	17.131	297.712	0.000	297.712	0.000
515.491	9.110	0.0000	17.165	297.712	0.000	297.712	0.000
516.49	9.111	0.0000	17.198	297.745	0.000	297.745	0.000
517.488	9.114	0.0000	17.231	297.856	0.000	297.856	0.000
518.487	9.115	0.0000	17.265	297.876	0.000	297.876	0.000
519.487	9.115	0.0000	17.298	297.876	0.000	297.876	0.000
520.486	9.115	0.0000	17.331	297.882	0.000	297.882	0.000
521.485	9.120	0.0000	17.365	298.039	0.000	298.039	0.000
522.485	9.120	0.0000	17.398	298.039	0.000	298.039	0.000
523.483	9.120	0.0000	17.431	298.039	0.000	298.039	0.000
524.483	9.120	0.0000	17.464	298.039	0.000	298.039	0.000
525.482	9.122	0.0000	17.498	298.118	0.000	298.118	0.000
526.481	9.125	0.0000	17.531	298.203	0.000	298.203	0.000
527.48	9.125	0.0000	17.564	298.203	0.000	298.203	0.000
528.478	9.125	0.0000	17.598	298.203	0.000	298.203	0.000
529.476	9.128	0.0000	17.631	298.301	0.000	298.301	0.000
530.476	9.130	0.0000	17.664	298.366	0.000	298.366	0.000
531.475	9.130	0.0000	17.698	298.366	0.000	298.366	0.000
532.472	9.130	0.0000	17.731	298.366	0.000	298.366	0.000
533.474	9.131	0.0000	17.764	298.408	0.000	298.408	0.000
534.473	9.135	0.0000	17.797	298.529	0.000	298.529	0.000
535.472	9.135	0.0000	17.831	298.529	0.000	298.529	0.000
536.47	9.135	0.0000	17.864	298.529	0.000	298.529	0.000
537.469	9.135	0.0000	17.897	298.529	0.000	298.529	0.000
538.468	9.140	0.0000	17.931	298.686	0.000	298.686	0.000
539.468	9.140	0.0000	17.964	298.693	0.000	298.693	0.000
540.465	9.140	0.0000	17.997	298.693	0.000	298.693	0.000
541.466	9.140	0.0000	18.031	298.693	0.000	298.693	0.000
542.465	9.141	0.0000	18.064	298.735	0.000	298.735	0.000
543.464	9.145	0.0000	18.097	298.856	0.000	298.856	0.000
544.462	9.145	0.0000	18.131	298.856	0.000	298.856	0.000
545.462	9.145	0.0000	18.164	298.856	0.000	298.856	0.000
546.461	9.145	0.0000	18.197	298.856	0.000	298.856	0.000
547.46	9.146	0.0000	18.230	298.895	0.000	298.895	0.000
548.459	9.150	0.0000	18.264	299.020	0.000	299.020	0.000
549.458	9.150	0.0000	18.297	299.020	0.000	299.020	0.000
550.457	9.150	0.0000	18.330	299.020	0.000	299.020	0.000
551.455	9.150	0.0000	18.364	299.020	0.000	299.020	0.000
552.455	9.150	0.0000	18.397	299.020	0.000	299.020	0.000
553.454	9.154	0.0000	18.430	299.144	0.000	299.144	0.000
554.453	9.155	0.0000	18.464	299.183	0.000	299.183	0.000
555.452	9.155	0.0000	18.497	299.183	0.000	299.183	0.000
556.45	9.155	0.0000	18.530	299.183	0.000	299.183	0.000
557.45	9.155	0.0000	18.563	299.183	0.000	299.183	0.000
558.449	9.158	0.0000	18.597	299.288	0.000	299.288	0.000
559.448	9.160	0.0000	18.630	299.346	0.000	299.346	0.000
560.447	9.160	0.0000	18.663	299.346	0.000	299.346	0.000
561.446	9.160	0.0000	18.697	299.346	0.000	299.346	0.000
562.445	9.161	0.0000	18.730	299.382	0.000	299.382	0.000
563.443	9.165	0.0000	18.763	299.510	0.000	299.510	0.000
564.443	9.165	0.0000	18.797	299.510	0.000	299.510	0.000
565.442	9.165	0.0000	18.830	299.510	0.000	299.510	0.000
566.441	9.165	0.0000	18.863	299.510	0.000	299.510	0.000
567.44	9.165	0.0000	18.896	299.510	0.000	299.510	0.000
568.44	9.165	0.0000	18.930	299.510	0.000	299.510	0.000
569.438	9.165	0.0000	18.963	299.510	0.000	299.510	0.000
570.436	9.165	0.0000	18.996	299.510	0.000	299.510	0.000
571.436	9.169	0.0000	19.030	299.647	0.000	299.647	0.000
572.435	9.170	0.0000	19.063	299.673	0.000	299.673	0.000
573.433	9.170	0.0000	19.096	299.673	0.000	299.673	0.000
574.433	9.170	0.0000	19.130	299.673	0.000	299.673	0.000
575.432	9.170	0.0000	19.163	299.673	0.000	299.673	0.000
576.431	9.173	0.0000	19.196	299.758	0.000	299.758	0.000
577.429	9.175	0.0000	19.229	299.837	0.000	299.837	0.000
578.429	9.175	0.0000	19.263	299.837	0.000	299.837	0.000
579.426	9.175	0.0000	19.296	299.837	0.000	299.837	0.000
580.426	9.175	0.0000	19.329	299.837	0.000	299.837	0.000
581.426	9.175	0.0000	19.363	299.837	0.000	299.837	0.000
582.425	9.175	0.0000	19.396	299.837	0.000	299.837	0.000
583.424	9.177	0.0000	19.429	299.886	0.000	299.886	0.000
584.422	9.180	0.0000	19.463	300.000	0.000	300.000	0.000
585.422	9.180	0.0000	19.496	300.000	0.000	300.000	0.000
586.421	9.180	0.0000	19.529	300.000	0.000	300.000	0.000
587.419	9.180	0.0000	19.562	300.000	0.000	300.000	0.000
588.42	9.180	0.0000	19.596	300.000	0.000	300.000	0.000
589.418	9.180	0.0000	19.629	300.000	0.000	300.000	0.000
590.417	9.180	0.0000	19.662	300.000	0.000	300.000	0.000
591.415	9.180	0.0000	19.696	300.000	0.000	300.000	0.000
592.415	9.180	0.0000	19.729	300.000	0.000	300.000	0.000
593.414	9.185	0.0000	19.762	300.154	0.000	300.154	0.000
594.413	9.185	0.0000	19.796	300.163	0.000	300.163	0.000
595.41	9.185	0.0000	19.829	300.163	0.000	300.163	0.000
596.411	9.185	0.0000	19.862	300.163	0.000	300.163	0.000
597.411	9.185	0.0000	19.895	300.163	0.000	300.163	0.000
598.409	9.185	0.0000	19.929	300.163	0.000	300.163	0.000
599.409	9.185	0.0000	19.962	300.163	0.000	300.163	0.000
600.407	9.185	0.0000	19.995	300.163	0.000	300.163	0.000
601.406	9.188	0.0000	20.029	300.265	0.000	300.265	0.000
602.405	9.190	0.0000	20.062	300.327	0.000	300.327	0.000
603.404	9.190	0.0000	20.095	300.327	0.000	300.327	0.000
604.403	9.190	0.0000	20.129	300.327	0.000	300.327	0.000
605.403	9.190	0.0000	20.162	300.327	0.000	300.327	0.000
606.402	9.190	0.0000	20.195	300.327	0.000	300.327	0.000
607.4	9.190	0.0000	20.228	300.327	0.000	300.327	0.000
608.399	9.190	0.0000	20.262	300.327	0.000	300.327	0.000
609.398	9.190	0.0000	20.295	300.327	0.000	300.327	0.000
610.395	9.190	0.0000	20.328	300.327	0.000	300.327	0.000
611.396	9.190	0.0000	20.362	300.327	0.000	300.327	0.000
612.396	9.190	0.0000	20.395	300.327	0.000	300.327	0.000
613.395	9.194	0.0000	20.428	300.451	0.000	300.451	0.000
614.394	9.195	0.0000	20.462	300.490	0.000	300.490	0.000
615.393	9.195	0.0000	20.495	300.490	0.000	300.490	0.000
616.391	9.195	0.0000	20.528	300.490	0.000	300.490	0.000
617.39	9.195	0.0000	20.561	300.490	0.000	300.490	0.000
618.39	9.195	0.0000	20.595	300.490	0.000	300.490	0.000
619.389	9.195	0.0000	20.628	300.490	0.000	300.490	0.000
620.388	9.195	0.0000	20.661	300.490	0.000	300.490	0.000
621.387	9.195	0.0000	20.695	300.490	0.000	300.490	0.000
622.386	9.195	0.0000	20.728	300.490	0.000	300.490	0.000
623.384	9.195	0.0000	20.761	300.490	0.000	300.490	0.000
624.384	9.196	0.0000	20.795	300.523	0.000	300.523	0.000
625.383	9.200	0.0000	20.828	300.641	0.000	300.641	0.000
626.382	9.195	0.0000	20.861	300.500	0.000	300.500	0.000
627.38	9.200	0.0000	20.894	300.654	0.000	300.654	0.000
628.38	9.200	0.0000	20.928	300.654	0.000	300.654	0.000
629.379	9.200	0.0000	20.961	300.654	0.000	300.654	0.000
630.378	9.200	0.0000	20.994	300.654	0.000	300.654	0.000
631.377	9.200	0.0000	21.028	300.654	0.000	300.654	0.000
632.374	9.200	0.0000	21.061	300.654	0.000	300.654	0.000
633.375	9.200	0.0000	21.094	300.654	0.000	300.654	0.000
634.374	9.200	0.0000	21.128	300.654	0.000	300.654	0.000
635.373	9.200	0.0000	21.161	300.654	0.000	300.654	0.000
636.371	9.200	0.0000	21.194	300.654	0.000	300.654	0.000
637.371	9.200	0.0000	21.227	300.654	0.000	300.654	0.000
638.37	9.200	0.0000	21.261	300.654	0.000	300.654	0.000
639.368	9.200	0.0000	21.294	300.654	0.000	300.654	0.000
640.367	9.200	0.0000	21.327	300.654	0.000	300.654	0.000
641.366	9.205	0.0000	21.361	300.814	0.000	300.814	0.000
642.366	9.205	0.0000	21.394	300.817	0.000	300.817	0.000
643.364	9.205	0.0000	21.427	300.817	0.000	300.817	0.000
644.364	9.205	0.0000	21.461	300.817	0.000	300.817	0.000
645.363	9.205	0.0000	21.494	300.817	0.000	300.817	0.000
646.362	9.205	0.0000	21.527	300.817	0.000	300.817	0.000
647.361	9.205	0.0000	21.560	300.817	0.000	300.817	0.000
648.36	9.205	0.0000	21.594	300.817	0.000	300.817	0.000
649.359	9.205	0.0000	21.627	300.817	0.000	300.817	0.000
650.358	9.205	0.0000	21.660	300.817	0.000	300.817	0.000
651.357	9.205	0.0000	21.694	300.817	0.000	300.817	0.000
652.356	9.205	0.0000	21.727	300.817	0.000	300.817	0.000
653.352	9.205	0.0000	21.760	300.817	0.000	300.817	0.000
654.352	9.205	0.0000	21.794	300.817	0.000	300.817	0.000
655.353	9.205	0.0000	21.827	300.817	0.000	300.817	0.000
656.353	9.205	0.0000	21.860	300.817	0.000	300.817	0.000
657.351	9.205	0.0000	21.893	300.817	0.000	300.817	0.000
658.35	9.205	0.0000	21.927	300.817	0.000	300.817	0.000
659.349	9.205	0.0000	21.960	300.817	0.000	300.817	0.000
660.347	9.205	0.0000	21.993	300.817	0.000	300.817	0.000
661.346	9.205	0.0000	22.027	300.817	0.000	300.817	0.000
662.346	9.205	0.0000	22.060	300.817	0.000	300.817	0.000
663.344	9.205	0.0000	22.093	300.817	0.000	300.817	0.000
664.344	9.205	0.0000	22.127	300.817	0.000	300.817	0.000
665.343	9.205	0.0000	22.160	300.817	0.000	300.817	0.000
666.341	9.205	0.0000	22.193	300.817	0.000	300.817	0.000
667.341	9.205	0.0000	22.226	300.817	0.000	300.817	0.000
668.34	9.205	0.0000	22.260	300.817	0.000	300.817	0.000
669.34	9.205	0.0000	22.293	300.817	0.000	300.817	0.000
670.337	9.205	0.0000	22.326	300.817	0.000	300.817	0.000
671.338	9.205	0.0000	22.360	300.817	0.000	300.817	0.000
672.337	9.205	0.0000	22.393	300.817	0.000	300.817	0.000
673.334	9.205	0.0000	22.426	300.817	0.000	300.817	0.000
674.334	9.205	0.0000	22.460	300.817	0.000	300.817	0.000
675.334	9.205	0.0000	22.493	300.817	0.000	300.817	0.000
676.332	9.205	0.0000	22.526	300.817	0.000	300.817	0.000
677.332	9.205	0.0000	22.559	300.817	0.000	300.817	0.000
678.331	9.205	0.0000	22.593	300.817	0.000	300.817	0.000
679.33	9.205	0.0000	22.626	300.817	0.000	300.817	0.000
680.329	9.205	0.0000	22.659	300.817	0.000	300.817	0.000
681.327	9.205	0.0000	22.693	300.817	0.000	300.817	0.000
682.327	9.205	0.0000	22.726	300.817	0.000	300.817	0.000
683.326	9.205	0.0000	22.759	300.817	0.000	300.817	0.000
684.325	9.205	0.0000	22.793	300.817	0.000	300.817	0.000
685.324	9.205	0.0000	22.826	300.817	0.000	300.817	0.000
686.321	9.205	0.0000	22.859	300.817	0.000	300.817	0.000
687.319	9.205	0.0000	22.892	300.817	0.000	300.817	0.000
688.321	9.203	0.0000	22.926	300.735	0.000	300.735	0.000
689.32	9.200	0.0000	22.959	300.660	0.000	300.660	0.000
690.319	9.202	0.0000	22.992	300.732	0.000	300.732	0.000
691.318	9.203	0.0000	23.026	300.755	0.000	300.755	0.000
692.317	9.200	0.0000	23.059	300.654	0.000	300.654	0.000
693.315	9.200	0.0000	23.092	300.654	0.000	300.654	0.000
694.315	9.200	0.0000	23.126	300.654	0.000	300.654	0.000
695.314	9.200	0.0000	23.159	300.654	0.000	300.654	0.000
696.313	9.200	0.0000	23.192	300.654	0.000	300.654	0.000
697.312	9.200	0.0000	23.225	300.654	0.000	300.654	0.000
698.311	9.200	0.0000	23.259	300.654	0.000	300.654	0.000
699.309	9.200	0.0000	23.292	300.654	0.000	300.654	0.000
700.308	9.200	0.0000	23.325	300.654	0.000	300.654	0.000
701.306	9.200	0.0000	23.359	300.654	0.000	300.654	0.000
702.305	9.200	0.0000	23.392	300.654	0.000	300.654	0.000
703.306	9.200	0.0000	23.425	300.654	0.000	300.654	0.000
704.305	9.200	0.0000	23.459	300.654	0.000	300.654	0.000
705.301	9.200	0.0000	23.492	300.654	0.000	300.654	0.000
706.302	9.200	0.0000	23.525	300.654	0.000	300.654	0.000
707.301	9.196	0.0000	23.558	300.510	0.000	300.510	0.000
708.3	9.195	0.0000	23.592	300.490	0.000	300.490	0.000
709.299	9.195	0.0000	23.625	300.490	0.000	300.490	0.000
710.297	9.195	0.0000	23.658	300.490	0.000	300.490	0.000
711.296	9.195	0.0000	23.692	300.490	0.000	300.490	0.000
712.296	9.195	0.0000	23.725	300.490	0.000	300.490	0.000
713.294	9.195	0.0000	23.758	300.490	0.000	300.490	0.000
714.294	9.195	0.0000	23.792	300.490	0.000	300.490	0.000
715.294	9.195	0.0000	23.825	300.490	0.000	300.490	0.000
716.293	9.195	0.0000	23.858	300.490	0.000	300.490	0.000
717.291	9.195	0.0000	23.891	300.490	0.000	300.490	0.000
718.289	9.195	0.0000	23.925	300.490	0.000	300.490	0.000
719.288	9.195	0.0000	23.958	300.490	0.000	300.490	0.000
720.288	9.195	0.0000	23.991	300.490	0.000	300.490	0.000
721.287	9.190	0.0000	24.025	300.333	0.000	300.333	0.000
722.285	9.190	0.0000	24.058	300.327	0.000	300.327	0.000
723.285	9.190	0.0000	24.091	300.327	0.000	300.327	0.000
724.284	9.190	0.0000	24.125	300.327	0.000	300.327	0.000
725.283	9.190	0.0000	24.158	300.327	0.000	300.327	0.000
726.282	9.190	0.0000	24.191	300.327	0.000	300.327	0.000
727.281	9.190	0.0000	24.224	300.327	0.000	300.327	0.000
728.281	9.190	0.0000	24.258	300.327	0.000	300.327	0.000
729.279	9.187	0.0000	24.291	300.239	0.000	300.239	0.000
730.279	9.185	0.0000	24.324	300.163	0.000	300.163	0.000
731.277	9.185	0.0000	24.358	300.163	0.000	300.163	0.000
732.277	9.185	0.0000	24.391	300.163	0.000	300.163	0.000
733.275	9.185	0.0000	24.424	300.163	0.000	300.163	0.000
734.274	9.185	0.0000	24.458	300.163	0.000	300.163	0.000
735.274	9.185	0.0000	24.491	300.163	0.000	300.163	0.000
736.273	9.185	0.0000	24.524	300.163	0.000	300.163	0.000
737.272	9.185	0.0000	24.557	300.163	0.000	300.163	0.000
738.271	9.183	0.0000	24.591	300.088	0.000	300.088	0.000
739.268	9.181	0.0000	24.624	300.033	0.000	300.033	0.000
740.267	9.180	0.0000	24.657	300.000	0.000	300.000	0.000
741.269	9.180	0.0000	24.691	300.000	0.000	300.000	0.000
742.267	9.180	0.0000	24.724	300.000	0.000	300.000	0.000
743.266	9.180	0.0000	24.757	300.000	0.000	300.000	0.000
744.264	9.180	0.0000	24.791	300.000	0.000	300.000	0.000
745.264	9.176	0.0000	24.824	299.876	0.000	299.876	0.000
746.262	9.175	0.0000	24.857	299.837	0.000	299.837	0.000
747.262	9.175	0.0000	24.890	299.837	0.000	299.837	0.000
748.261	9.175	0.0000	24.924	299.837	0.000	299.837	0.000
749.26	9.175	0.0000	24.957	299.837	0.000	299.837	0.000
750.257	9.175	0.0000	24.990	299.837	0.000	299.837	0.000
751.258	9.172	0.0000	25.024	299.752	0.000	299.752	0.000
752.256	9.170	0.0000	25.057	299.673	0.000	299.673	0.000
753.254	9.170	0.0000	25.090	299.673	0.000	299.673	0.000
754.254	9.170	0.0000	25.124	299.673	0.000	299.673	0.000
755.255	9.170	0.0000	25.157	299.673	0.000	299.673	0.000
756.252	9.170	0.0000	25.190	299.673	0.000	299.673	0.000
757.251	9.168	0.0000	25.223	299.608	0.000	299.608	0.000
758.25	9.165	0.0000	25.257	299.510	0.000	299.510	0.000
759.251	9.165	0.0000	25.290	299.510	0.000	299.510	0.000
760.247	9.165	0.0000	25.323	299.510	0.000	299.510	0.000
761.248	9.165	0.0000	25.357	299.510	0.000	299.510	0.000
762.248	9.164	0.0000	25.390	299.471	0.000	299.471	0.000
763.246	9.160	0.0000	25.423	299.346	0.000	299.346	0.000
764.245	9.160	0.0000	25.457	299.346	0.000	299.346	0.000
765.242	9.160	0.0000	25.490	299.346	0.000	299.346	0.000
766.244	9.160	0.0000	25.523	299.346	0.000	299.346	0.000
767.242	9.157	0.0000	25.556	299.255	0.000	299.255	0.000
768.24	9.155	0.0000	25.590	299.183	0.000	299.183	0.000
769.239	9.155	0.0000	25.623	299.183	0.000	299.183	0.000
770.238	9.155	0.0000	25.656	299.183	0.000	299.183	0.000
771.238	9.155	0.0000	25.690	299.183	0.000	299.183	0.000
772.236	9.151	0.0000	25.723	299.059	0.000	299.059	0.000
773.235	9.150	0.0000	25.756	299.020	0.000	299.020	0.000
774.233	9.150	0.0000	25.790	299.020	0.000	299.020	0.000
775.234	9.150	0.0000	25.823	299.020	0.000	299.020	0.000
776.233	9.150	0.0000	25.856	299.020	0.000	299.020	0.000
777.233	9.149	0.0000	25.889	298.997	0.000	298.997	0.000
778.23	9.145	0.0000	25.923	298.856	0.000	298.856	0.000
779.23	9.145	0.0000	25.956	298.856	0.000	298.856	0.000
780.228	9.145	0.0000	25.989	298.856	0.000	298.856	0.000
781.227	9.145	0.0000	26.023	298.843	0.000	298.843	0.000
782.228	9.140	0.0000	26.056	298.693	0.000	298.693	0.000
783.224	9.140	0.0000	26.089	298.693	0.000	298.693	0.000
784.226	9.140	0.0000	26.123	298.693	0.000	298.693	0.000
785.223	9.136	0.0000	26.156	298.562	0.000	298.562	0.000
786.223	9.135	0.0000	26.189	298.529	0.000	298.529	0.000
787.22	9.135	0.0000	26.222	298.529	0.000	298.529	0.000
788.221	9.135	0.0000	26.256	298.529	0.000	298.529	0.000
789.221	9.130	0.0000	26.289	298.376	0.000	298.376	0.000
790.218	9.130	0.0000	26.322	298.366	0.000	298.366	0.000
791.219	9.130	0.0000	26.356	298.366	0.000	298.366	0.000
792.216	9.127	0.0000	26.389	298.261	0.000	298.261	0.000
793.217	9.125	0.0000	26.422	298.203	0.000	298.203	0.000
794.213	9.125	0.0000	26.456	298.203	0.000	298.203	0.000
795.215	9.125	0.0000	26.489	298.203	0.000	298.203	0.000
796.214	9.122	0.0000	26.522	298.088	0.000	298.088	0.000
797.213	9.120	0.0000	26.555	298.039	0.000	298.039	0.000
798.212	9.120	0.0000	26.589	298.039	0.000	298.039	0.000
799.21	9.116	0.0000	26.622	297.915	0.000	297.915	0.000
800.21	9.115	0.0000	26.655	297.876	0.000	297.876	0.000
801.208	9.113	0.0000	26.689	297.817	0.000	297.817	0.000
802.207	9.110	0.0000	26.722	297.712	0.000	297.712	0.000
803.206	9.110	0.0000	26.755	297.712	0.000	297.712	0.000
804.205	9.109	0.0000	26.789	297.667	0.000	297.667	0.000
805.205	9.105	0.0000	26.822	297.549	0.000	297.549	0.000
806.203	9.105	0.0000	26.855	297.549	0.000	297.549	0.000
807.201	9.102	0.0000	26.888	297.458	0.000	297.458	0.000
808.202	9.100	0.0000	26.922	297.386	0.000	297.386	0.000
809.201	9.100	0.0000	26.955	297.386	0.000	297.386	0.000
810.2	9.095	0.0000	26.988	297.225	0.000	297.225	0.000
811.199	9.095	0.0000	27.022	297.222	0.000	297.222	0.000
812.198	9.094	0.0000	27.055	297.190	0.000	297.190	0.000
813.195	9.090	0.0000	27.088	297.059	0.000	297.059	0.000
814.195	9.090	0.0000	27.122	297.059	0.000	297.059	0.000
815.195	9.085	0.0000	27.155	296.905	0.000	296.905	0.000
816.192	9.085	0.0000	27.188	296.895	0.000	296.895	0.000
817.193	9.082	0.0000	27.221	296.804	0.000	296.804	0.000
818.19	9.080	0.0000	27.255	296.732	0.000	296.732	0.000
819.189	9.077	0.0000	27.288	296.647	0.000	296.647	0.000
820.19	9.075	0.0000	27.321	296.569	0.000	296.569	0.000
821.189	9.074	0.0000	27.355	296.539	0.000	296.539	0.000
822.189	9.070	0.0000	27.388	296.405	0.000	296.405	0.000
823.185	9.069	0.0000	27.421	296.369	0.000	296.369	0.000
824.186	9.065	0.0000	27.455	296.242	0.000	296.242	0.000
825.183	9.062	0.0000	27.488	296.137	0.000	296.137	0.000
826.184	9.060	0.0000	27.521	296.078	0.000	296.078	0.000
827.181	9.056	0.0000	27.555	295.944	0.000	295.944	0.000
828.181	9.055	0.0000	27.588	295.915	0.000	295.915	0.000
829.18	9.051	0.0000	27.621	295.771	0.000	295.771	0.000
830.18	9.050	0.0000	27.654	295.748	0.000	295.748	0.000
831.178	9.045	0.0000	27.688	295.588	0.000	295.588	0.000
832.178	9.042	0.0000	27.721	295.477	0.000	295.477	0.000
833.177	9.040	0.0000	27.754	295.425	0.000	295.425	0.000
834.174	9.036	0.0000	27.788	295.284	0.000	295.284	0.000
835.174	9.033	0.0000	27.821	295.212	0.000	295.212	0.000
836.174	9.030	0.0000	27.854	295.098	0.000	295.098	0.000
837.172	9.026	0.0000	27.888	294.967	0.000	294.967	0.000
838.171	9.024	0.0000	27.921	294.905	0.000	294.905	0.000
839.171	9.020	0.0000	27.954	294.771	0.000	294.771	0.000
840.171	9.016	0.0000	27.987	294.637	0.000	294.637	0.000
841.168	9.013	0.0000	28.021	294.533	0.000	294.533	0.000
842.169	9.010	0.0000	28.054	294.444	0.000	294.444	0.000
843.166	9.005	0.0000	28.087	294.281	0.000	294.281	0.000
844.165	9.001	0.0000	28.121	294.141	0.000	294.141	0.000
845.166	8.997	0.0000	28.154	294.029	0.000	294.029	0.000
846.164	8.994	0.0000	28.187	293.925	0.000	293.925	0.000
847.162	8.990	0.0000	28.221	293.791	0.000	293.791	0.000
848.163	8.985	0.0000	28.254	293.631	0.000	293.631	0.000
849.161	8.981	0.0000	28.287	293.507	0.000	293.507	0.000
850.161	8.977	0.0000	28.320	293.353	0.000	293.353	0.000
851.159	8.972	0.0000	28.354	293.212	0.000	293.212	0.000
852.158	8.968	0.0000	28.387	293.072	0.000	293.072	0.000
853.157	8.963	0.0000	28.420	292.895	0.000	292.895	0.000
854.156	8.958	0.0000	28.454	292.742	0.000	292.742	0.000
855.154	8.954	0.0000	28.487	292.605	0.000	292.605	0.000
856.153	8.949	0.0000	28.520	292.454	0.000	292.454	0.000
857.153	8.943	0.0000	28.554	292.271	0.000	292.271	0.000
858.15	8.938	0.0000	28.587	292.101	0.000	292.101	0.000
859.152	8.933	0.0000	28.620	291.935	0.000	291.935	0.000
860.151	8.928	0.0000	28.653	291.758	0.000	291.758	0.000
861.15	8.923	0.0000	28.687	291.595	0.000	291.595	0.000
862.149	8.917	0.0000	28.720	291.408	0.000	291.408	0.000
863.146	8.912	0.0000	28.753	291.245	0.000	291.245	0.000
864.147	8.906	0.0000	28.787	291.056	0.000	291.056	0.000
865.146	8.900	0.0000	28.820	290.853	0.000	290.853	0.000
866.144	8.894	0.0000	28.853	290.637	0.000	290.637	0.000
867.144	8.888	0.0000	28.887	290.451	0.000	290.451	0.000
868.143	8.882	0.0000	28.920	290.258	0.000	290.258	0.000
869.142	8.876	0.0000	28.953	290.059	0.000	290.059	0.000
870.141	8.869	0.0000	28.986	289.850	0.000	289.850	0.000
871.138	8.863	0.0000	29.020	289.631	0.000	289.631	0.000
872.139	8.857	0.0000	29.053	289.428	0.000	289.428	0.000
873.136	8.850	0.0000	29.086	289.209	0.000	289.209	0.000
874.136	8.842	0.0000	29.120	288.971	0.000	288.971	0.000
875.135	8.836	0.0000	29.153	288.745	0.000	288.745	0.000
876.133	8.829	0.0000	29.186	288.516	0.000	288.516	0.000
877.133	8.822	0.0000	29.220	288.307	0.000	288.307	0.000
878.131	8.814	0.0000	29.253	288.042	0.000	288.042	0.000
879.132	8.807	0.0000	29.286	287.810	0.000	287.810	0.000
880.131	8.799	0.0000	29.319	287.556	0.000	287.556	0.000
881.128	8.792	0.0000	29.353	287.310	0.000	287.310	0.000
882.129	8.783	0.0000	29.386	287.036	0.000	287.036	0.000
883.128	8.775	0.0000	29.419	286.761	0.000	286.761	0.000
884.127	8.767	0.0000	29.453	286.490	0.000	286.490	0.000
885.126	8.758	0.0000	29.486	286.203	0.000	286.203	0.000
886.125	8.749	0.0000	29.519	285.928	0.000	285.928	0.000
887.123	8.740	0.0000	29.553	285.627	0.000	285.627	0.000
888.121	8.732	0.0000	29.586	285.343	0.000	285.343	0.000
889.122	8.722	0.0000	29.619	285.046	0.000	285.046	0.000
890.121	8.713	0.0000	29.652	284.732	0.000	284.732	0.000
891.119	8.704	0.0000	29.686	284.431	0.000	284.431	0.000
892.118	8.694	0.0000	29.719	284.105	0.000	284.105	0.000
893.117	8.684	0.0000	29.752	283.788	0.000	283.788	0.000
894.116	8.674	0.0000	29.786	283.474	0.000	283.474	0.000
895.116	8.664	0.0000	29.819	283.134	0.000	283.134	0.000
896.112	8.654	0.0000	29.852	282.801	0.000	282.801	0.000
897.113	8.643	0.0000	29.886	282.461	0.000	282.461	0.000
898.112	8.632	0.0000	29.919	282.088	0.000	282.088	0.000
899.112	8.620	0.0000	29.952	281.712	0.000	281.712	0.000
900.111	8.609	0.0000	29.985	281.333	0.000	281.333	0.000
901.109	8.596	0.0000	30.019	280.922	0.000	280.922	0.000
902.109	8.584	0.0000	30.052	280.536	0.000	280.536	0.000
903.106	8.572	0.0000	30.085	280.131	0.000	280.131	0.000
904.106	8.559	0.0000	30.119	279.693	0.000	279.693	0.000
905.105	8.545	0.0000	30.152	279.255	0.000	279.255	0.000
906.103	8.531	0.0000	30.185	278.801	0.000	278.801	0.000
907.102	8.517	0.0000	30.219	278.330	0.000	278.330	0.000
908.102	8.502	0.0000	30.252	277.840	0.000	277.840	0.000
909.101	8.487	0.0000	30.285	277.340	0.000	277.340	0.000
910.102	8.470	0.0000	30.318	276.804	0.000	276.804	0.000
911.1	8.453	0.0000	30.352	276.248	0.000	276.248	0.000
912.099	8.436	0.0000	30.385	275.686	0.000	275.686	0.000
913.098	8.417	0.0000	30.418	275.078	0.000	275.078	0.000
914.098	8.398	0.0000	30.452	274.435	0.000	274.435	0.000
915.096	8.378	0.0000	30.485	273.801	0.000	273.801	0.000
916.094	8.356	0.0000	30.518	273.072	0.000	273.072	0.000
917.094	8.333	0.0000	30.552	272.310	0.000	272.310	0.000
918.093	8.308	0.0000	30.585	271.516	0.000	271.516	0.000
919.091	8.281	0.0000	30.618	270.637	0.000	270.637	0.000
920.092	8.252	0.0000	30.651	269.683	0.000	269.683	0.000
921.091	8.221	0.0000	30.685	268.660	0.000	268.660	0.000
922.088	8.187	0.0000	30.718	267.552	0.000	267.552	0.000
923.089	8.150	0.0000	30.751	266.330	0.000	266.330	0.000
924.087	8.109	0.0000	30.785	264.984	0.000	264.984	0.000
925.085	8.062	0.0000	30.818	263.467	0.000	263.467	0.000
926.084	8.011	0.0000	30.851	261.797	0.000	261.797	0.000
927.084	7.955	0.0000	30.885	259.971	0.000	259.971	0.000
928.084	7.893	0.0000	30.918	257.931	0.000	257.931	0.000
929.083	7.823	0.0000	30.951	255.644	0.000	255.644	0.000
930.08	7.746	0.0000	30.984	253.137	0.000	253.137	0.000
931.08	7.661	0.0000	31.018	250.369	0.000	250.369	0.000
932.079	7.566	0.0000	31.051	247.252	0.000	247.252	0.000
933.079	7.459	0.0000	31.084	243.761	0.000	243.761	0.000
934.078	7.340	0.0000	31.118	239.866	0.000	239.866	0.000
935.077	7.205	0.0000	31.151	235.454	0.000	235.454	0.000
936.075	7.050	0.0000	31.184	230.389	0.000	230.389	0.000
937.074	6.870	0.0000	31.218	224.497	0.000	224.497	0.000
938.413	5.411	0.0000	31.251	176.837	0.000	176.837	0.000
